0 -0.5 -0.5
0 -0.5 -0.485714
0 -0.5 -0.471429
0 -0.5 -0.457143
0 -0.5 -0.442857
0 -0.5 -0.428571
0 -0.5 -0.414286
0 -0.5 -0.4
0 -0.5 -0.385714
0 -0.5 -0.371429
0 -0.5 -0.357143
0 -0.5 -0.342857
0 -0.5 -0.328571
0 -0.5 -0.314286
0 -0.5 -0.3
0 -0.5 -0.285714
0 -0.5 -0.271429
0 -0.5 -0.257143
0 -0.5 -0.242857
0 -0.5 -0.228571
0 -0.5 -0.214286
0 -0.5 -0.2
0 -0.5 -0.185714
0 -0.5 -0.171429
0 -0.5 -0.157143
0 -0.5 -0.142857
0 -0.5 -0.128571
0 -0.5 -0.114286
0 -0.5 -0.1
0 -0.5 -0.0857143
0 -0.5 -0.0714286
0 -0.5 -0.0571429
0 -0.5 -0.0428571
0 -0.5 -0.0285714
0 -0.5 -0.0142857
0 -0.5 0
0 -0.5 0.0142857
0 -0.5 0.0285714
0 -0.5 0.0428571
0 -0.5 0.0571429
0 -0.5 0.0714286
0 -0.5 0.0857143
0 -0.5 0.1
0 -0.5 0.114286
0 -0.5 0.128571
0 -0.5 0.142857
0 -0.5 0.157143
0 -0.5 0.171429
0 -0.5 0.185714
0 -0.5 0.2
0 -0.5 0.214286
0 -0.5 0.228571
0 -0.5 0.242857
0 -0.5 0.257143
0 -0.5 0.271429
0 -0.5 0.285714
0 -0.5 0.3
0 -0.5 0.314286
0 -0.5 0.328571
0 -0.5 0.342857
0 -0.5 0.357143
0 -0.5 0.371429
0 -0.5 0.385714
0 -0.5 0.4
0 -0.5 0.414286
0 -0.5 0.428571
0 -0.5 0.442857
0 -0.5 0.457143
0 -0.5 0.471429
0 -0.5 0.485714
0 -0.485714 -0.5
0 -0.485714 -0.485714
0 -0.485714 -0.471429
0 -0.485714 -0.457143
0 -0.485714 -0.442857
0 -0.485714 -0.428571
0 -0.485714 -0.414286
0 -0.485714 -0.4
0 -0.485714 -0.385714
0 -0.485714 -0.371429
0 -0.485714 -0.357143
0 -0.485714 -0.342857
0 -0.485714 -0.328571
0 -0.485714 -0.314286
0 -0.485714 -0.3
0 -0.485714 -0.285714
0 -0.485714 -0.271429
0 -0.485714 -0.257143
0 -0.485714 -0.242857
0 -0.485714 -0.228571
0 -0.485714 -0.214286
0 -0.485714 -0.2
0 -0.485714 -0.185714
0 -0.485714 -0.171429
0 -0.485714 -0.157143
0 -0.485714 -0.142857
0 -0.485714 -0.128571
0 -0.485714 -0.114286
0 -0.485714 -0.1
0 -0.485714 -0.0857143
0 -0.485714 -0.0714286
0 -0.485714 -0.0571429
0 -0.485714 -0.0428571
0 -0.485714 -0.0285714
0 -0.485714 -0.0142857
0 -0.485714 0
0 -0.485714 0.0142857
0 -0.485714 0.0285714
0 -0.485714 0.0428571
0 -0.485714 0.0571429
0 -0.485714 0.0714286
0 -0.485714 0.0857143
0 -0.485714 0.1
0 -0.485714 0.114286
0 -0.485714 0.128571
0 -0.485714 0.142857
0 -0.485714 0.157143
0 -0.485714 0.171429
0 -0.485714 0.185714
0 -0.485714 0.2
0 -0.485714 0.214286
0 -0.485714 0.228571
0 -0.485714 0.242857
0 -0.485714 0.257143
0 -0.485714 0.271429
0 -0.485714 0.285714
0 -0.485714 0.3
0 -0.485714 0.314286
0 -0.485714 0.328571
0 -0.485714 0.342857
0 -0.485714 0.357143
0 -0.485714 0.371429
0 -0.485714 0.385714
0 -0.485714 0.4
0 -0.485714 0.414286
0 -0.485714 0.428571
0 -0.485714 0.442857
0 -0.485714 0.457143
0 -0.485714 0.471429
0 -0.485714 0.485714
0 -0.471429 -0.5
0 -0.471429 -0.485714
0 -0.471429 -0.471429
0 -0.471429 -0.457143
0 -0.471429 -0.442857
0 -0.471429 -0.428571
0 -0.471429 -0.414286
0 -0.471429 -0.4
0 -0.471429 -0.385714
0 -0.471429 -0.371429
0 -0.471429 -0.357143
0 -0.471429 -0.342857
0 -0.471429 -0.328571
0 -0.471429 -0.314286
0 -0.471429 -0.3
0 -0.471429 -0.285714
0 -0.471429 -0.271429
0 -0.471429 -0.257143
0 -0.471429 -0.242857
0 -0.471429 -0.228571
0 -0.471429 -0.214286
0 -0.471429 -0.2
0 -0.471429 -0.185714
0 -0.471429 -0.171429
0 -0.471429 -0.157143
0 -0.471429 -0.142857
0 -0.471429 -0.128571
0 -0.471429 -0.114286
0 -0.471429 -0.1
0 -0.471429 -0.0857143
0 -0.471429 -0.0714286
0 -0.471429 -0.0571429
0 -0.471429 -0.0428571
0 -0.471429 -0.0285714
0 -0.471429 -0.0142857
0 -0.471429 0
0 -0.471429 0.0142857
0 -0.471429 0.0285714
0 -0.471429 0.0428571
0 -0.471429 0.0571429
0 -0.471429 0.0714286
0 -0.471429 0.0857143
0 -0.471429 0.1
0 -0.471429 0.114286
0 -0.471429 0.128571
0 -0.471429 0.142857
0 -0.471429 0.157143
0 -0.471429 0.171429
0 -0.471429 0.185714
0 -0.471429 0.2
0 -0.471429 0.214286
0 -0.471429 0.228571
0 -0.471429 0.242857
0 -0.471429 0.257143
0 -0.471429 0.271429
0 -0.471429 0.285714
0 -0.471429 0.3
0 -0.471429 0.314286
0 -0.471429 0.328571
0 -0.471429 0.342857
0 -0.471429 0.357143
0 -0.471429 0.371429
0 -0.471429 0.385714
0 -0.471429 0.4
0 -0.471429 0.414286
0 -0.471429 0.428571
0 -0.471429 0.442857
0 -0.471429 0.457143
0 -0.471429 0.471429
0 -0.471429 0.485714
0 -0.457143 -0.5
0 -0.457143 -0.485714
0 -0.457143 -0.471429
0 -0.457143 -0.457143
0 -0.457143 -0.442857
0 -0.457143 -0.428571
0 -0.457143 -0.414286
0 -0.457143 -0.4
0 -0.457143 -0.385714
0 -0.457143 -0.371429
0 -0.457143 -0.357143
0 -0.457143 -0.342857
0 -0.457143 -0.328571
0 -0.457143 -0.314286
0 -0.457143 -0.3
0 -0.457143 -0.285714
0 -0.457143 -0.271429
0 -0.457143 -0.257143
0 -0.457143 -0.242857
0 -0.457143 -0.228571
0 -0.457143 -0.214286
0 -0.457143 -0.2
0 -0.457143 -0.185714
0 -0.457143 -0.171429
0 -0.457143 -0.157143
0 -0.457143 -0.142857
0 -0.457143 -0.128571
0 -0.457143 -0.114286
0 -0.457143 -0.1
0 -0.457143 -0.0857143
0 -0.457143 -0.0714286
0 -0.457143 -0.0571429
0 -0.457143 -0.0428571
0 -0.457143 -0.0285714
0 -0.457143 -0.0142857
0 -0.457143 0
0 -0.457143 0.0142857
0 -0.457143 0.0285714
0 -0.457143 0.0428571
0 -0.457143 0.0571429
0 -0.457143 0.0714286
0 -0.457143 0.0857143
0 -0.457143 0.1
0 -0.457143 0.114286
0 -0.457143 0.128571
0 -0.457143 0.142857
0 -0.457143 0.157143
0 -0.457143 0.171429
0 -0.457143 0.185714
0 -0.457143 0.2
0 -0.457143 0.214286
0 -0.457143 0.228571
0 -0.457143 0.242857
0 -0.457143 0.257143
0 -0.457143 0.271429
0 -0.457143 0.285714
0 -0.457143 0.3
0 -0.457143 0.314286
0 -0.457143 0.328571
0 -0.457143 0.342857
0 -0.457143 0.357143
0 -0.457143 0.371429
0 -0.457143 0.385714
0 -0.457143 0.4
0 -0.457143 0.414286
0 -0.457143 0.428571
0 -0.457143 0.442857
0 -0.457143 0.457143
0 -0.457143 0.471429
0 -0.457143 0.485714
0 -0.442857 -0.5
0 -0.442857 -0.485714
0 -0.442857 -0.471429
0 -0.442857 -0.457143
0 -0.442857 -0.442857
0 -0.442857 -0.428571
0 -0.442857 -0.414286
0 -0.442857 -0.4
0 -0.442857 -0.385714
0 -0.442857 -0.371429
0 -0.442857 -0.357143
0 -0.442857 -0.342857
0 -0.442857 -0.328571
0 -0.442857 -0.314286
0 -0.442857 -0.3
0 -0.442857 -0.285714
0 -0.442857 -0.271429
0 -0.442857 -0.257143
0 -0.442857 -0.242857
0 -0.442857 -0.228571
0 -0.442857 -0.214286
0 -0.442857 -0.2
0 -0.442857 -0.185714
0 -0.442857 -0.171429
0 -0.442857 -0.157143
0 -0.442857 -0.142857
0 -0.442857 -0.128571
0 -0.442857 -0.114286
0 -0.442857 -0.1
0 -0.442857 -0.0857143
0 -0.442857 -0.0714286
0 -0.442857 -0.0571429
0 -0.442857 -0.0428571
0 -0.442857 -0.0285714
0 -0.442857 -0.0142857
0 -0.442857 0
0 -0.442857 0.0142857
0 -0.442857 0.0285714
0 -0.442857 0.0428571
0 -0.442857 0.0571429
0 -0.442857 0.0714286
0 -0.442857 0.0857143
0 -0.442857 0.1
0 -0.442857 0.114286
0 -0.442857 0.128571
0 -0.442857 0.142857
0 -0.442857 0.157143
0 -0.442857 0.171429
0 -0.442857 0.185714
0 -0.442857 0.2
0 -0.442857 0.214286
0 -0.442857 0.228571
0 -0.442857 0.242857
0 -0.442857 0.257143
0 -0.442857 0.271429
0 -0.442857 0.285714
0 -0.442857 0.3
0 -0.442857 0.314286
0 -0.442857 0.328571
0 -0.442857 0.342857
0 -0.442857 0.357143
0 -0.442857 0.371429
0 -0.442857 0.385714
0 -0.442857 0.4
0 -0.442857 0.414286
0 -0.442857 0.428571
0 -0.442857 0.442857
0 -0.442857 0.457143
0 -0.442857 0.471429
0 -0.442857 0.485714
0 -0.428571 -0.5
0 -0.428571 -0.485714
0 -0.428571 -0.471429
0 -0.428571 -0.457143
0 -0.428571 -0.442857
0 -0.428571 -0.428571
0 -0.428571 -0.414286
0 -0.428571 -0.4
0 -0.428571 -0.385714
0 -0.428571 -0.371429
0 -0.428571 -0.357143
0 -0.428571 -0.342857
0 -0.428571 -0.328571
0 -0.428571 -0.314286
0 -0.428571 -0.3
0 -0.428571 -0.285714
0 -0.428571 -0.271429
0 -0.428571 -0.257143
0 -0.428571 -0.242857
0 -0.428571 -0.228571
0 -0.428571 -0.214286
0 -0.428571 -0.2
0 -0.428571 -0.185714
0 -0.428571 -0.171429
0 -0.428571 -0.157143
0 -0.428571 -0.142857
0 -0.428571 -0.128571
0 -0.428571 -0.114286
0 -0.428571 -0.1
0 -0.428571 -0.0857143
0 -0.428571 -0.0714286
0 -0.428571 -0.0571429
0 -0.428571 -0.0428571
0 -0.428571 -0.0285714
0 -0.428571 -0.0142857
0 -0.428571 0
0 -0.428571 0.0142857
0 -0.428571 0.0285714
0 -0.428571 0.0428571
0 -0.428571 0.0571429
0 -0.428571 0.0714286
0 -0.428571 0.0857143
0 -0.428571 0.1
0 -0.428571 0.114286
0 -0.428571 0.128571
0 -0.428571 0.142857
0 -0.428571 0.157143
0 -0.428571 0.171429
0 -0.428571 0.185714
0 -0.428571 0.2
0 -0.428571 0.214286
0 -0.428571 0.228571
0 -0.428571 0.242857
0 -0.428571 0.257143
0 -0.428571 0.271429
0 -0.428571 0.285714
0 -0.428571 0.3
0 -0.428571 0.314286
0 -0.428571 0.328571
0 -0.428571 0.342857
0 -0.428571 0.357143
0 -0.428571 0.371429
0 -0.428571 0.385714
0 -0.428571 0.4
0 -0.428571 0.414286
0 -0.428571 0.428571
0 -0.428571 0.442857
0 -0.428571 0.457143
0 -0.428571 0.471429
0 -0.428571 0.485714
0 -0.414286 -0.5
0 -0.414286 -0.485714
0 -0.414286 -0.471429
0 -0.414286 -0.457143
0 -0.414286 -0.442857
0 -0.414286 -0.428571
0 -0.414286 -0.414286
0 -0.414286 -0.4
0 -0.414286 -0.385714
0 -0.414286 -0.371429
0 -0.414286 -0.357143
0 -0.414286 -0.342857
0 -0.414286 -0.328571
0 -0.414286 -0.314286
0 -0.414286 -0.3
0 -0.414286 -0.285714
0 -0.414286 -0.271429
0 -0.414286 -0.257143
0 -0.414286 -0.242857
0 -0.414286 -0.228571
0 -0.414286 -0.214286
0 -0.414286 -0.2
0 -0.414286 -0.185714
0 -0.414286 -0.171429
0 -0.414286 -0.157143
0 -0.414286 -0.142857
0 -0.414286 -0.128571
0 -0.414286 -0.114286
0 -0.414286 -0.1
0 -0.414286 -0.0857143
0 -0.414286 -0.0714286
0 -0.414286 -0.0571429
0 -0.414286 -0.0428571
0 -0.414286 -0.0285714
0 -0.414286 -0.0142857
0 -0.414286 0
0 -0.414286 0.0142857
0 -0.414286 0.0285714
0 -0.414286 0.0428571
0 -0.414286 0.0571429
0 -0.414286 0.0714286
0 -0.414286 0.0857143
0 -0.414286 0.1
0 -0.414286 0.114286
0 -0.414286 0.128571
0 -0.414286 0.142857
0 -0.414286 0.157143
0 -0.414286 0.171429
0 -0.414286 0.185714
0 -0.414286 0.2
0 -0.414286 0.214286
0 -0.414286 0.228571
0 -0.414286 0.242857
0 -0.414286 0.257143
0 -0.414286 0.271429
0 -0.414286 0.285714
0 -0.414286 0.3
0 -0.414286 0.314286
0 -0.414286 0.328571
0 -0.414286 0.342857
0 -0.414286 0.357143
0 -0.414286 0.371429
0 -0.414286 0.385714
0 -0.414286 0.4
0 -0.414286 0.414286
0 -0.414286 0.428571
0 -0.414286 0.442857
0 -0.414286 0.457143
0 -0.414286 0.471429
0 -0.414286 0.485714
0 -0.4 -0.5
0 -0.4 -0.485714
0 -0.4 -0.471429
0 -0.4 -0.457143
0 -0.4 -0.442857
0 -0.4 -0.428571
0 -0.4 -0.414286
0 -0.4 -0.4
0 -0.4 -0.385714
0 -0.4 -0.371429
0 -0.4 -0.357143
0 -0.4 -0.342857
0 -0.4 -0.328571
0 -0.4 -0.314286
0 -0.4 -0.3
0 -0.4 -0.285714
0 -0.4 -0.271429
0 -0.4 -0.257143
0 -0.4 -0.242857
0 -0.4 -0.228571
0 -0.4 -0.214286
0 -0.4 -0.2
0 -0.4 -0.185714
0 -0.4 -0.171429
0 -0.4 -0.157143
0 -0.4 -0.142857
0 -0.4 -0.128571
0 -0.4 -0.114286
0 -0.4 -0.1
0 -0.4 -0.0857143
0 -0.4 -0.0714286
0 -0.4 -0.0571429
0 -0.4 -0.0428571
0 -0.4 -0.0285714
0 -0.4 -0.0142857
0 -0.4 0
0 -0.4 0.0142857
0 -0.4 0.0285714
0 -0.4 0.0428571
0 -0.4 0.0571429
0 -0.4 0.0714286
0 -0.4 0.0857143
0 -0.4 0.1
0 -0.4 0.114286
0 -0.4 0.128571
0 -0.4 0.142857
0 -0.4 0.157143
0 -0.4 0.171429
0 -0.4 0.185714
0 -0.4 0.2
0 -0.4 0.214286
0 -0.4 0.228571
0 -0.4 0.242857
0 -0.4 0.257143
0 -0.4 0.271429
0 -0.4 0.285714
0 -0.4 0.3
0 -0.4 0.314286
0 -0.4 0.328571
0 -0.4 0.342857
0 -0.4 0.357143
0 -0.4 0.371429
0 -0.4 0.385714
0 -0.4 0.4
0 -0.4 0.414286
0 -0.4 0.428571
0 -0.4 0.442857
0 -0.4 0.457143
0 -0.4 0.471429
0 -0.4 0.485714
0 -0.385714 -0.5
0 -0.385714 -0.485714
0 -0.385714 -0.471429
0 -0.385714 -0.457143
0 -0.385714 -0.442857
0 -0.385714 -0.428571
0 -0.385714 -0.414286
0 -0.385714 -0.4
0 -0.385714 -0.385714
0 -0.385714 -0.371429
0 -0.385714 -0.357143
0 -0.385714 -0.342857
0 -0.385714 -0.328571
0 -0.385714 -0.314286
0 -0.385714 -0.3
0 -0.385714 -0.285714
0 -0.385714 -0.271429
0 -0.385714 -0.257143
0 -0.385714 -0.242857
0 -0.385714 -0.228571
0 -0.385714 -0.214286
0 -0.385714 -0.2
0 -0.385714 -0.185714
0 -0.385714 -0.171429
0 -0.385714 -0.157143
0 -0.385714 -0.142857
0 -0.385714 -0.128571
0 -0.385714 -0.114286
0 -0.385714 -0.1
0 -0.385714 -0.0857143
0 -0.385714 -0.0714286
0 -0.385714 -0.0571429
0 -0.385714 -0.0428571
0 -0.385714 -0.0285714
0 -0.385714 -0.0142857
0 -0.385714 0
0 -0.385714 0.0142857
0 -0.385714 0.0285714
0 -0.385714 0.0428571
0 -0.385714 0.0571429
0 -0.385714 0.0714286
0 -0.385714 0.0857143
0 -0.385714 0.1
0 -0.385714 0.114286
0 -0.385714 0.128571
0 -0.385714 0.142857
0 -0.385714 0.157143
0 -0.385714 0.171429
0 -0.385714 0.185714
0 -0.385714 0.2
0 -0.385714 0.214286
0 -0.385714 0.228571
0 -0.385714 0.242857
0 -0.385714 0.257143
0 -0.385714 0.271429
0 -0.385714 0.285714
0 -0.385714 0.3
0 -0.385714 0.314286
0 -0.385714 0.328571
0 -0.385714 0.342857
0 -0.385714 0.357143
0 -0.385714 0.371429
0 -0.385714 0.385714
0 -0.385714 0.4
0 -0.385714 0.414286
0 -0.385714 0.428571
0 -0.385714 0.442857
0 -0.385714 0.457143
0 -0.385714 0.471429
0 -0.385714 0.485714
0 -0.371429 -0.5
0 -0.371429 -0.485714
0 -0.371429 -0.471429
0 -0.371429 -0.457143
0 -0.371429 -0.442857
0 -0.371429 -0.428571
0 -0.371429 -0.414286
0 -0.371429 -0.4
0 -0.371429 -0.385714
0 -0.371429 -0.371429
0 -0.371429 -0.357143
0 -0.371429 -0.342857
0 -0.371429 -0.328571
0 -0.371429 -0.314286
0 -0.371429 -0.3
0 -0.371429 -0.285714
0 -0.371429 -0.271429
0 -0.371429 -0.257143
0 -0.371429 -0.242857
0 -0.371429 -0.228571
0 -0.371429 -0.214286
0 -0.371429 -0.2
0 -0.371429 -0.185714
0 -0.371429 -0.171429
0 -0.371429 -0.157143
0 -0.371429 -0.142857
0 -0.371429 -0.128571
0 -0.371429 -0.114286
0 -0.371429 -0.1
0 -0.371429 -0.0857143
0 -0.371429 -0.0714286
0 -0.371429 -0.0571429
0 -0.371429 -0.0428571
0 -0.371429 -0.0285714
0 -0.371429 -0.0142857
0 -0.371429 0
0 -0.371429 0.0142857
0 -0.371429 0.0285714
0 -0.371429 0.0428571
0 -0.371429 0.0571429
0 -0.371429 0.0714286
0 -0.371429 0.0857143
0 -0.371429 0.1
0 -0.371429 0.114286
0 -0.371429 0.128571
0 -0.371429 0.142857
0 -0.371429 0.157143
0 -0.371429 0.171429
0 -0.371429 0.185714
0 -0.371429 0.2
0 -0.371429 0.214286
0 -0.371429 0.228571
0 -0.371429 0.242857
0 -0.371429 0.257143
0 -0.371429 0.271429
0 -0.371429 0.285714
0 -0.371429 0.3
0 -0.371429 0.314286
0 -0.371429 0.328571
0 -0.371429 0.342857
0 -0.371429 0.357143
0 -0.371429 0.371429
0 -0.371429 0.385714
0 -0.371429 0.4
0 -0.371429 0.414286
0 -0.371429 0.428571
0 -0.371429 0.442857
0 -0.371429 0.457143
0 -0.371429 0.471429
0 -0.371429 0.485714
0 -0.357143 -0.5
0 -0.357143 -0.485714
0 -0.357143 -0.471429
0 -0.357143 -0.457143
0 -0.357143 -0.442857
0 -0.357143 -0.428571
0 -0.357143 -0.414286
0 -0.357143 -0.4
0 -0.357143 -0.385714
0 -0.357143 -0.371429
0 -0.357143 -0.357143
0 -0.357143 -0.342857
0 -0.357143 -0.328571
0 -0.357143 -0.314286
0 -0.357143 -0.3
0 -0.357143 -0.285714
0 -0.357143 -0.271429
0 -0.357143 -0.257143
0 -0.357143 -0.242857
0 -0.357143 -0.228571
0 -0.357143 -0.214286
0 -0.357143 -0.2
0 -0.357143 -0.185714
0 -0.357143 -0.171429
0 -0.357143 -0.157143
0 -0.357143 -0.142857
0 -0.357143 -0.128571
0 -0.357143 -0.114286
0 -0.357143 -0.1
0 -0.357143 -0.0857143
0 -0.357143 -0.0714286
0 -0.357143 -0.0571429
0 -0.357143 -0.0428571
0 -0.357143 -0.0285714
0 -0.357143 -0.0142857
0 -0.357143 0
0 -0.357143 0.0142857
0 -0.357143 0.0285714
0 -0.357143 0.0428571
0 -0.357143 0.0571429
0 -0.357143 0.0714286
0 -0.357143 0.0857143
0 -0.357143 0.1
0 -0.357143 0.114286
0 -0.357143 0.128571
0 -0.357143 0.142857
0 -0.357143 0.157143
0 -0.357143 0.171429
0 -0.357143 0.185714
0 -0.357143 0.2
0 -0.357143 0.214286
0 -0.357143 0.228571
0 -0.357143 0.242857
0 -0.357143 0.257143
0 -0.357143 0.271429
0 -0.357143 0.285714
0 -0.357143 0.3
0 -0.357143 0.314286
0 -0.357143 0.328571
0 -0.357143 0.342857
0 -0.357143 0.357143
0 -0.357143 0.371429
0 -0.357143 0.385714
0 -0.357143 0.4
0 -0.357143 0.414286
0 -0.357143 0.428571
0 -0.357143 0.442857
0 -0.357143 0.457143
0 -0.357143 0.471429
0 -0.357143 0.485714
0 -0.342857 -0.5
0 -0.342857 -0.485714
0 -0.342857 -0.471429
0 -0.342857 -0.457143
0 -0.342857 -0.442857
0 -0.342857 -0.428571
0 -0.342857 -0.414286
0 -0.342857 -0.4
0 -0.342857 -0.385714
0 -0.342857 -0.371429
0 -0.342857 -0.357143
0 -0.342857 -0.342857
0 -0.342857 -0.328571
0 -0.342857 -0.314286
0 -0.342857 -0.3
0 -0.342857 -0.285714
0 -0.342857 -0.271429
0 -0.342857 -0.257143
0 -0.342857 -0.242857
0 -0.342857 -0.228571
0 -0.342857 -0.214286
0 -0.342857 -0.2
0 -0.342857 -0.185714
0 -0.342857 -0.171429
0 -0.342857 -0.157143
0 -0.342857 -0.142857
0 -0.342857 -0.128571
0 -0.342857 -0.114286
0 -0.342857 -0.1
0 -0.342857 -0.0857143
0 -0.342857 -0.0714286
0 -0.342857 -0.0571429
0 -0.342857 -0.0428571
0 -0.342857 -0.0285714
0 -0.342857 -0.0142857
0 -0.342857 0
0 -0.342857 0.0142857
0 -0.342857 0.0285714
0 -0.342857 0.0428571
0 -0.342857 0.0571429
0 -0.342857 0.0714286
0 -0.342857 0.0857143
0 -0.342857 0.1
0 -0.342857 0.114286
0 -0.342857 0.128571
0 -0.342857 0.142857
0 -0.342857 0.157143
0 -0.342857 0.171429
0 -0.342857 0.185714
0 -0.342857 0.2
0 -0.342857 0.214286
0 -0.342857 0.228571
0 -0.342857 0.242857
0 -0.342857 0.257143
0 -0.342857 0.271429
0 -0.342857 0.285714
0 -0.342857 0.3
0 -0.342857 0.314286
0 -0.342857 0.328571
0 -0.342857 0.342857
0 -0.342857 0.357143
0 -0.342857 0.371429
0 -0.342857 0.385714
0 -0.342857 0.4
0 -0.342857 0.414286
0 -0.342857 0.428571
0 -0.342857 0.442857
0 -0.342857 0.457143
0 -0.342857 0.471429
0 -0.342857 0.485714
0 -0.328571 -0.5
0 -0.328571 -0.485714
0 -0.328571 -0.471429
0 -0.328571 -0.457143
0 -0.328571 -0.442857
0 -0.328571 -0.428571
0 -0.328571 -0.414286
0 -0.328571 -0.4
0 -0.328571 -0.385714
0 -0.328571 -0.371429
0 -0.328571 -0.357143
0 -0.328571 -0.342857
0 -0.328571 -0.328571
0 -0.328571 -0.314286
0 -0.328571 -0.3
0 -0.328571 -0.285714
0 -0.328571 -0.271429
0 -0.328571 -0.257143
0 -0.328571 -0.242857
0 -0.328571 -0.228571
0 -0.328571 -0.214286
0 -0.328571 -0.2
0 -0.328571 -0.185714
0 -0.328571 -0.171429
0 -0.328571 -0.157143
0 -0.328571 -0.142857
0 -0.328571 -0.128571
0 -0.328571 -0.114286
0 -0.328571 -0.1
0 -0.328571 -0.0857143
0 -0.328571 -0.0714286
0 -0.328571 -0.0571429
0 -0.328571 -0.0428571
0 -0.328571 -0.0285714
0 -0.328571 -0.0142857
0 -0.328571 0
0 -0.328571 0.0142857
0 -0.328571 0.0285714
0 -0.328571 0.0428571
0 -0.328571 0.0571429
0 -0.328571 0.0714286
0 -0.328571 0.0857143
0 -0.328571 0.1
0 -0.328571 0.114286
0 -0.328571 0.128571
0 -0.328571 0.142857
0 -0.328571 0.157143
0 -0.328571 0.171429
0 -0.328571 0.185714
0 -0.328571 0.2
0 -0.328571 0.214286
0 -0.328571 0.228571
0 -0.328571 0.242857
0 -0.328571 0.257143
0 -0.328571 0.271429
0 -0.328571 0.285714
0 -0.328571 0.3
0 -0.328571 0.314286
0 -0.328571 0.328571
0 -0.328571 0.342857
0 -0.328571 0.357143
0 -0.328571 0.371429
0 -0.328571 0.385714
0 -0.328571 0.4
0 -0.328571 0.414286
0 -0.328571 0.428571
0 -0.328571 0.442857
0 -0.328571 0.457143
0 -0.328571 0.471429
0 -0.328571 0.485714
0 -0.314286 -0.5
0 -0.314286 -0.485714
0 -0.314286 -0.471429
0 -0.314286 -0.457143
0 -0.314286 -0.442857
0 -0.314286 -0.428571
0 -0.314286 -0.414286
0 -0.314286 -0.4
0 -0.314286 -0.385714
0 -0.314286 -0.371429
0 -0.314286 -0.357143
0 -0.314286 -0.342857
0 -0.314286 -0.328571
0 -0.314286 -0.314286
0 -0.314286 -0.3
0 -0.314286 -0.285714
0 -0.314286 -0.271429
0 -0.314286 -0.257143
0 -0.314286 -0.242857
0 -0.314286 -0.228571
0 -0.314286 -0.214286
0 -0.314286 -0.2
0 -0.314286 -0.185714
0 -0.314286 -0.171429
0 -0.314286 -0.157143
0 -0.314286 -0.142857
0 -0.314286 -0.128571
0 -0.314286 -0.114286
0 -0.314286 -0.1
0 -0.314286 -0.0857143
0 -0.314286 -0.0714286
0 -0.314286 -0.0571429
0 -0.314286 -0.0428571
0 -0.314286 -0.0285714
0 -0.314286 -0.0142857
0 -0.314286 0
0 -0.314286 0.0142857
0 -0.314286 0.0285714
0 -0.314286 0.0428571
0 -0.314286 0.0571429
0 -0.314286 0.0714286
0 -0.314286 0.0857143
0 -0.314286 0.1
0 -0.314286 0.114286
0 -0.314286 0.128571
0 -0.314286 0.142857
0 -0.314286 0.157143
0 -0.314286 0.171429
0 -0.314286 0.185714
0 -0.314286 0.2
0 -0.314286 0.214286
0 -0.314286 0.228571
0 -0.314286 0.242857
0 -0.314286 0.257143
0 -0.314286 0.271429
0 -0.314286 0.285714
0 -0.314286 0.3
0 -0.314286 0.314286
0 -0.314286 0.328571
0 -0.314286 0.342857
0 -0.314286 0.357143
0 -0.314286 0.371429
0 -0.314286 0.385714
0 -0.314286 0.4
0 -0.314286 0.414286
0 -0.314286 0.428571
0 -0.314286 0.442857
0 -0.314286 0.457143
0 -0.314286 0.471429
0 -0.314286 0.485714
0 -0.3 -0.5
0 -0.3 -0.485714
0 -0.3 -0.471429
0 -0.3 -0.457143
0 -0.3 -0.442857
0 -0.3 -0.428571
0 -0.3 -0.414286
0 -0.3 -0.4
0 -0.3 -0.385714
0 -0.3 -0.371429
0 -0.3 -0.357143
0 -0.3 -0.342857
0 -0.3 -0.328571
0 -0.3 -0.314286
0 -0.3 -0.3
0 -0.3 -0.285714
0 -0.3 -0.271429
0 -0.3 -0.257143
0 -0.3 -0.242857
0 -0.3 -0.228571
0 -0.3 -0.214286
0 -0.3 -0.2
0 -0.3 -0.185714
0 -0.3 -0.171429
0 -0.3 -0.157143
0 -0.3 -0.142857
0 -0.3 -0.128571
0 -0.3 -0.114286
0 -0.3 -0.1
0 -0.3 -0.0857143
0 -0.3 -0.0714286
0 -0.3 -0.0571429
0 -0.3 -0.0428571
0 -0.3 -0.0285714
0 -0.3 -0.0142857
0 -0.3 0
0 -0.3 0.0142857
0 -0.3 0.0285714
0 -0.3 0.0428571
0 -0.3 0.0571429
0 -0.3 0.0714286
0 -0.3 0.0857143
0 -0.3 0.1
0 -0.3 0.114286
0 -0.3 0.128571
0 -0.3 0.142857
0 -0.3 0.157143
0 -0.3 0.171429
0 -0.3 0.185714
0 -0.3 0.2
0 -0.3 0.214286
0 -0.3 0.228571
0 -0.3 0.242857
0 -0.3 0.257143
0 -0.3 0.271429
0 -0.3 0.285714
0 -0.3 0.3
0 -0.3 0.314286
0 -0.3 0.328571
0 -0.3 0.342857
0 -0.3 0.357143
0 -0.3 0.371429
0 -0.3 0.385714
0 -0.3 0.4
0 -0.3 0.414286
0 -0.3 0.428571
0 -0.3 0.442857
0 -0.3 0.457143
0 -0.3 0.471429
0 -0.3 0.485714
0 -0.285714 -0.5
0 -0.285714 -0.485714
0 -0.285714 -0.471429
0 -0.285714 -0.457143
0 -0.285714 -0.442857
0 -0.285714 -0.428571
0 -0.285714 -0.414286
0 -0.285714 -0.4
0 -0.285714 -0.385714
0 -0.285714 -0.371429
0 -0.285714 -0.357143
0 -0.285714 -0.342857
0 -0.285714 -0.328571
0 -0.285714 -0.314286
0 -0.285714 -0.3
0 -0.285714 -0.285714
0 -0.285714 -0.271429
0 -0.285714 -0.257143
0 -0.285714 -0.242857
0 -0.285714 -0.228571
0 -0.285714 -0.214286
0 -0.285714 -0.2
0 -0.285714 -0.185714
0 -0.285714 -0.171429
0 -0.285714 -0.157143
0 -0.285714 -0.142857
0 -0.285714 -0.128571
0 -0.285714 -0.114286
0 -0.285714 -0.1
0 -0.285714 -0.0857143
0 -0.285714 -0.0714286
0 -0.285714 -0.0571429
0 -0.285714 -0.0428571
0 -0.285714 -0.0285714
0 -0.285714 -0.0142857
0 -0.285714 0
0 -0.285714 0.0142857
0 -0.285714 0.0285714
0 -0.285714 0.0428571
0 -0.285714 0.0571429
0 -0.285714 0.0714286
0 -0.285714 0.0857143
0 -0.285714 0.1
0 -0.285714 0.114286
0 -0.285714 0.128571
0 -0.285714 0.142857
0 -0.285714 0.157143
0 -0.285714 0.171429
0 -0.285714 0.185714
0 -0.285714 0.2
0 -0.285714 0.214286
0 -0.285714 0.228571
0 -0.285714 0.242857
0 -0.285714 0.257143
0 -0.285714 0.271429
0 -0.285714 0.285714
0 -0.285714 0.3
0 -0.285714 0.314286
0 -0.285714 0.328571
0 -0.285714 0.342857
0 -0.285714 0.357143
0 -0.285714 0.371429
0 -0.285714 0.385714
0 -0.285714 0.4
0 -0.285714 0.414286
0 -0.285714 0.428571
0 -0.285714 0.442857
0 -0.285714 0.457143
0 -0.285714 0.471429
0 -0.285714 0.485714
0 -0.271429 -0.5
0 -0.271429 -0.485714
0 -0.271429 -0.471429
0 -0.271429 -0.457143
0 -0.271429 -0.442857
0 -0.271429 -0.428571
0 -0.271429 -0.414286
0 -0.271429 -0.4
0 -0.271429 -0.385714
0 -0.271429 -0.371429
0 -0.271429 -0.357143
0 -0.271429 -0.342857
0 -0.271429 -0.328571
0 -0.271429 -0.314286
0 -0.271429 -0.3
0 -0.271429 -0.285714
0 -0.271429 -0.271429
0 -0.271429 -0.257143
0 -0.271429 -0.242857
0 -0.271429 -0.228571
0 -0.271429 -0.214286
0 -0.271429 -0.2
0 -0.271429 -0.185714
0 -0.271429 -0.171429
0 -0.271429 -0.157143
0 -0.271429 -0.142857
0 -0.271429 -0.128571
0 -0.271429 -0.114286
0 -0.271429 -0.1
0 -0.271429 -0.0857143
0 -0.271429 -0.0714286
0 -0.271429 -0.0571429
0 -0.271429 -0.0428571
0 -0.271429 -0.0285714
0 -0.271429 -0.0142857
0 -0.271429 0
0 -0.271429 0.0142857
0 -0.271429 0.0285714
0 -0.271429 0.0428571
0 -0.271429 0.0571429
0 -0.271429 0.0714286
0 -0.271429 0.0857143
0 -0.271429 0.1
0 -0.271429 0.114286
0 -0.271429 0.128571
0 -0.271429 0.142857
0 -0.271429 0.157143
0 -0.271429 0.171429
0 -0.271429 0.185714
0 -0.271429 0.2
0 -0.271429 0.214286
0 -0.271429 0.228571
0 -0.271429 0.242857
0 -0.271429 0.257143
0 -0.271429 0.271429
0 -0.271429 0.285714
0 -0.271429 0.3
0 -0.271429 0.314286
0 -0.271429 0.328571
0 -0.271429 0.342857
0 -0.271429 0.357143
0 -0.271429 0.371429
0 -0.271429 0.385714
0 -0.271429 0.4
0 -0.271429 0.414286
0 -0.271429 0.428571
0 -0.271429 0.442857
0 -0.271429 0.457143
0 -0.271429 0.471429
0 -0.271429 0.485714
0 -0.257143 -0.5
0 -0.257143 -0.485714
0 -0.257143 -0.471429
0 -0.257143 -0.457143
0 -0.257143 -0.442857
0 -0.257143 -0.428571
0 -0.257143 -0.414286
0 -0.257143 -0.4
0 -0.257143 -0.385714
0 -0.257143 -0.371429
0 -0.257143 -0.357143
0 -0.257143 -0.342857
0 -0.257143 -0.328571
0 -0.257143 -0.314286
0 -0.257143 -0.3
0 -0.257143 -0.285714
0 -0.257143 -0.271429
0 -0.257143 -0.257143
0 -0.257143 -0.242857
0 -0.257143 -0.228571
0 -0.257143 -0.214286
0 -0.257143 -0.2
0 -0.257143 -0.185714
0 -0.257143 -0.171429
0 -0.257143 -0.157143
0 -0.257143 -0.142857
0 -0.257143 -0.128571
0 -0.257143 -0.114286
0 -0.257143 -0.1
0 -0.257143 -0.0857143
0 -0.257143 -0.0714286
0 -0.257143 -0.0571429
0 -0.257143 -0.0428571
0 -0.257143 -0.0285714
0 -0.257143 -0.0142857
0 -0.257143 0
0 -0.257143 0.0142857
0 -0.257143 0.0285714
0 -0.257143 0.0428571
0 -0.257143 0.0571429
0 -0.257143 0.0714286
0 -0.257143 0.0857143
0 -0.257143 0.1
0 -0.257143 0.114286
0 -0.257143 0.128571
0 -0.257143 0.142857
0 -0.257143 0.157143
0 -0.257143 0.171429
0 -0.257143 0.185714
0 -0.257143 0.2
0 -0.257143 0.214286
0 -0.257143 0.228571
0 -0.257143 0.242857
0 -0.257143 0.257143
0 -0.257143 0.271429
0 -0.257143 0.285714
0 -0.257143 0.3
0 -0.257143 0.314286
0 -0.257143 0.328571
0 -0.257143 0.342857
0 -0.257143 0.357143
0 -0.257143 0.371429
0 -0.257143 0.385714
0 -0.257143 0.4
0 -0.257143 0.414286
0 -0.257143 0.428571
0 -0.257143 0.442857
0 -0.257143 0.457143
0 -0.257143 0.471429
0 -0.257143 0.485714
0 -0.242857 -0.5
0 -0.242857 -0.485714
0 -0.242857 -0.471429
0 -0.242857 -0.457143
0 -0.242857 -0.442857
0 -0.242857 -0.428571
0 -0.242857 -0.414286
0 -0.242857 -0.4
0 -0.242857 -0.385714
0 -0.242857 -0.371429
0 -0.242857 -0.357143
0 -0.242857 -0.342857
0 -0.242857 -0.328571
0 -0.242857 -0.314286
0 -0.242857 -0.3
0 -0.242857 -0.285714
0 -0.242857 -0.271429
0 -0.242857 -0.257143
0 -0.242857 -0.242857
0 -0.242857 -0.228571
0 -0.242857 -0.214286
0 -0.242857 -0.2
0 -0.242857 -0.185714
0 -0.242857 -0.171429
0 -0.242857 -0.157143
0 -0.242857 -0.142857
0 -0.242857 -0.128571
0 -0.242857 -0.114286
0 -0.242857 -0.1
0 -0.242857 -0.0857143
0 -0.242857 -0.0714286
0 -0.242857 -0.0571429
0 -0.242857 -0.0428571
0 -0.242857 -0.0285714
0 -0.242857 -0.0142857
0 -0.242857 0
0 -0.242857 0.0142857
0 -0.242857 0.0285714
0 -0.242857 0.0428571
0 -0.242857 0.0571429
0 -0.242857 0.0714286
0 -0.242857 0.0857143
0 -0.242857 0.1
0 -0.242857 0.114286
0 -0.242857 0.128571
0 -0.242857 0.142857
0 -0.242857 0.157143
0 -0.242857 0.171429
0 -0.242857 0.185714
0 -0.242857 0.2
0 -0.242857 0.214286
0 -0.242857 0.228571
0 -0.242857 0.242857
0 -0.242857 0.257143
0 -0.242857 0.271429
0 -0.242857 0.285714
0 -0.242857 0.3
0 -0.242857 0.314286
0 -0.242857 0.328571
0 -0.242857 0.342857
0 -0.242857 0.357143
0 -0.242857 0.371429
0 -0.242857 0.385714
0 -0.242857 0.4
0 -0.242857 0.414286
0 -0.242857 0.428571
0 -0.242857 0.442857
0 -0.242857 0.457143
0 -0.242857 0.471429
0 -0.242857 0.485714
0 -0.228571 -0.5
0 -0.228571 -0.485714
0 -0.228571 -0.471429
0 -0.228571 -0.457143
0 -0.228571 -0.442857
0 -0.228571 -0.428571
0 -0.228571 -0.414286
0 -0.228571 -0.4
0 -0.228571 -0.385714
0 -0.228571 -0.371429
0 -0.228571 -0.357143
0 -0.228571 -0.342857
0 -0.228571 -0.328571
0 -0.228571 -0.314286
0 -0.228571 -0.3
0 -0.228571 -0.285714
0 -0.228571 -0.271429
0 -0.228571 -0.257143
0 -0.228571 -0.242857
0 -0.228571 -0.228571
0 -0.228571 -0.214286
0 -0.228571 -0.2
0 -0.228571 -0.185714
0 -0.228571 -0.171429
0 -0.228571 -0.157143
0 -0.228571 -0.142857
0 -0.228571 -0.128571
0 -0.228571 -0.114286
0 -0.228571 -0.1
0 -0.228571 -0.0857143
0 -0.228571 -0.0714286
0 -0.228571 -0.0571429
0 -0.228571 -0.0428571
0 -0.228571 -0.0285714
0 -0.228571 -0.0142857
0 -0.228571 0
0 -0.228571 0.0142857
0 -0.228571 0.0285714
0 -0.228571 0.0428571
0 -0.228571 0.0571429
0 -0.228571 0.0714286
0 -0.228571 0.0857143
0 -0.228571 0.1
0 -0.228571 0.114286
0 -0.228571 0.128571
0 -0.228571 0.142857
0 -0.228571 0.157143
0 -0.228571 0.171429
0 -0.228571 0.185714
0 -0.228571 0.2
0 -0.228571 0.214286
0 -0.228571 0.228571
0 -0.228571 0.242857
0 -0.228571 0.257143
0 -0.228571 0.271429
0 -0.228571 0.285714
0 -0.228571 0.3
0 -0.228571 0.314286
0 -0.228571 0.328571
0 -0.228571 0.342857
0 -0.228571 0.357143
0 -0.228571 0.371429
0 -0.228571 0.385714
0 -0.228571 0.4
0 -0.228571 0.414286
0 -0.228571 0.428571
0 -0.228571 0.442857
0 -0.228571 0.457143
0 -0.228571 0.471429
0 -0.228571 0.485714
0 -0.214286 -0.5
0 -0.214286 -0.485714
0 -0.214286 -0.471429
0 -0.214286 -0.457143
0 -0.214286 -0.442857
0 -0.214286 -0.428571
0 -0.214286 -0.414286
0 -0.214286 -0.4
0 -0.214286 -0.385714
0 -0.214286 -0.371429
0 -0.214286 -0.357143
0 -0.214286 -0.342857
0 -0.214286 -0.328571
0 -0.214286 -0.314286
0 -0.214286 -0.3
0 -0.214286 -0.285714
0 -0.214286 -0.271429
0 -0.214286 -0.257143
0 -0.214286 -0.242857
0 -0.214286 -0.228571
0 -0.214286 -0.214286
0 -0.214286 -0.2
0 -0.214286 -0.185714
0 -0.214286 -0.171429
0 -0.214286 -0.157143
0 -0.214286 -0.142857
0 -0.214286 -0.128571
0 -0.214286 -0.114286
0 -0.214286 -0.1
0 -0.214286 -0.0857143
0 -0.214286 -0.0714286
0 -0.214286 -0.0571429
0 -0.214286 -0.0428571
0 -0.214286 -0.0285714
0 -0.214286 -0.0142857
0 -0.214286 0
0 -0.214286 0.0142857
0 -0.214286 0.0285714
0 -0.214286 0.0428571
0 -0.214286 0.0571429
0 -0.214286 0.0714286
0 -0.214286 0.0857143
0 -0.214286 0.1
0 -0.214286 0.114286
0 -0.214286 0.128571
0 -0.214286 0.142857
0 -0.214286 0.157143
0 -0.214286 0.171429
0 -0.214286 0.185714
0 -0.214286 0.2
0 -0.214286 0.214286
0 -0.214286 0.228571
0 -0.214286 0.242857
0 -0.214286 0.257143
0 -0.214286 0.271429
0 -0.214286 0.285714
0 -0.214286 0.3
0 -0.214286 0.314286
0 -0.214286 0.328571
0 -0.214286 0.342857
0 -0.214286 0.357143
0 -0.214286 0.371429
0 -0.214286 0.385714
0 -0.214286 0.4
0 -0.214286 0.414286
0 -0.214286 0.428571
0 -0.214286 0.442857
0 -0.214286 0.457143
0 -0.214286 0.471429
0 -0.214286 0.485714
0 -0.2 -0.5
0 -0.2 -0.485714
0 -0.2 -0.471429
0 -0.2 -0.457143
0 -0.2 -0.442857
0 -0.2 -0.428571
0 -0.2 -0.414286
0 -0.2 -0.4
0 -0.2 -0.385714
0 -0.2 -0.371429
0 -0.2 -0.357143
0 -0.2 -0.342857
0 -0.2 -0.328571
0 -0.2 -0.314286
0 -0.2 -0.3
0 -0.2 -0.285714
0 -0.2 -0.271429
0 -0.2 -0.257143
0 -0.2 -0.242857
0 -0.2 -0.228571
0 -0.2 -0.214286
0 -0.2 -0.2
0 -0.2 -0.185714
0 -0.2 -0.171429
0 -0.2 -0.157143
0 -0.2 -0.142857
0 -0.2 -0.128571
0 -0.2 -0.114286
0 -0.2 -0.1
0 -0.2 -0.0857143
0 -0.2 -0.0714286
0 -0.2 -0.0571429
0 -0.2 -0.0428571
0 -0.2 -0.0285714
0 -0.2 -0.0142857
0 -0.2 0
0 -0.2 0.0142857
0 -0.2 0.0285714
0 -0.2 0.0428571
0 -0.2 0.0571429
0 -0.2 0.0714286
0 -0.2 0.0857143
0 -0.2 0.1
0 -0.2 0.114286
0 -0.2 0.128571
0 -0.2 0.142857
0 -0.2 0.157143
0 -0.2 0.171429
0 -0.2 0.185714
0 -0.2 0.2
0 -0.2 0.214286
0 -0.2 0.228571
0 -0.2 0.242857
0 -0.2 0.257143
0 -0.2 0.271429
0 -0.2 0.285714
0 -0.2 0.3
0 -0.2 0.314286
0 -0.2 0.328571
0 -0.2 0.342857
0 -0.2 0.357143
0 -0.2 0.371429
0 -0.2 0.385714
0 -0.2 0.4
0 -0.2 0.414286
0 -0.2 0.428571
0 -0.2 0.442857
0 -0.2 0.457143
0 -0.2 0.471429
0 -0.2 0.485714
0 -0.185714 -0.5
0 -0.185714 -0.485714
0 -0.185714 -0.471429
0 -0.185714 -0.457143
0 -0.185714 -0.442857
0 -0.185714 -0.428571
0 -0.185714 -0.414286
0 -0.185714 -0.4
0 -0.185714 -0.385714
0 -0.185714 -0.371429
0 -0.185714 -0.357143
0 -0.185714 -0.342857
0 -0.185714 -0.328571
0 -0.185714 -0.314286
0 -0.185714 -0.3
0 -0.185714 -0.285714
0 -0.185714 -0.271429
0 -0.185714 -0.257143
0 -0.185714 -0.242857
0 -0.185714 -0.228571
0 -0.185714 -0.214286
0 -0.185714 -0.2
0 -0.185714 -0.185714
0 -0.185714 -0.171429
0 -0.185714 -0.157143
0 -0.185714 -0.142857
0 -0.185714 -0.128571
0 -0.185714 -0.114286
0 -0.185714 -0.1
0 -0.185714 -0.0857143
0 -0.185714 -0.0714286
0 -0.185714 -0.0571429
0 -0.185714 -0.0428571
0 -0.185714 -0.0285714
0 -0.185714 -0.0142857
0 -0.185714 0
0 -0.185714 0.0142857
0 -0.185714 0.0285714
0 -0.185714 0.0428571
0 -0.185714 0.0571429
0 -0.185714 0.0714286
0 -0.185714 0.0857143
0 -0.185714 0.1
0 -0.185714 0.114286
0 -0.185714 0.128571
0 -0.185714 0.142857
0 -0.185714 0.157143
0 -0.185714 0.171429
0 -0.185714 0.185714
0 -0.185714 0.2
0 -0.185714 0.214286
0 -0.185714 0.228571
0 -0.185714 0.242857
0 -0.185714 0.257143
0 -0.185714 0.271429
0 -0.185714 0.285714
0 -0.185714 0.3
0 -0.185714 0.314286
0 -0.185714 0.328571
0 -0.185714 0.342857
0 -0.185714 0.357143
0 -0.185714 0.371429
0 -0.185714 0.385714
0 -0.185714 0.4
0 -0.185714 0.414286
0 -0.185714 0.428571
0 -0.185714 0.442857
0 -0.185714 0.457143
0 -0.185714 0.471429
0 -0.185714 0.485714
0 -0.171429 -0.5
0 -0.171429 -0.485714
0 -0.171429 -0.471429
0 -0.171429 -0.457143
0 -0.171429 -0.442857
0 -0.171429 -0.428571
0 -0.171429 -0.414286
0 -0.171429 -0.4
0 -0.171429 -0.385714
0 -0.171429 -0.371429
0 -0.171429 -0.357143
0 -0.171429 -0.342857
0 -0.171429 -0.328571
0 -0.171429 -0.314286
0 -0.171429 -0.3
0 -0.171429 -0.285714
0 -0.171429 -0.271429
0 -0.171429 -0.257143
0 -0.171429 -0.242857
0 -0.171429 -0.228571
0 -0.171429 -0.214286
0 -0.171429 -0.2
0 -0.171429 -0.185714
0 -0.171429 -0.171429
0 -0.171429 -0.157143
0 -0.171429 -0.142857
0 -0.171429 -0.128571
0 -0.171429 -0.114286
0 -0.171429 -0.1
0 -0.171429 -0.0857143
0 -0.171429 -0.0714286
0 -0.171429 -0.0571429
0 -0.171429 -0.0428571
0 -0.171429 -0.0285714
0 -0.171429 -0.0142857
0 -0.171429 0
0 -0.171429 0.0142857
0 -0.171429 0.0285714
0 -0.171429 0.0428571
0 -0.171429 0.0571429
0 -0.171429 0.0714286
0 -0.171429 0.0857143
0 -0.171429 0.1
0 -0.171429 0.114286
0 -0.171429 0.128571
0 -0.171429 0.142857
0 -0.171429 0.157143
0 -0.171429 0.171429
0 -0.171429 0.185714
0 -0.171429 0.2
0 -0.171429 0.214286
0 -0.171429 0.228571
0 -0.171429 0.242857
0 -0.171429 0.257143
0 -0.171429 0.271429
0 -0.171429 0.285714
0 -0.171429 0.3
0 -0.171429 0.314286
0 -0.171429 0.328571
0 -0.171429 0.342857
0 -0.171429 0.357143
0 -0.171429 0.371429
0 -0.171429 0.385714
0 -0.171429 0.4
0 -0.171429 0.414286
0 -0.171429 0.428571
0 -0.171429 0.442857
0 -0.171429 0.457143
0 -0.171429 0.471429
0 -0.171429 0.485714
0 -0.157143 -0.5
0 -0.157143 -0.485714
0 -0.157143 -0.471429
0 -0.157143 -0.457143
0 -0.157143 -0.442857
0 -0.157143 -0.428571
0 -0.157143 -0.414286
0 -0.157143 -0.4
0 -0.157143 -0.385714
0 -0.157143 -0.371429
0 -0.157143 -0.357143
0 -0.157143 -0.342857
0 -0.157143 -0.328571
0 -0.157143 -0.314286
0 -0.157143 -0.3
0 -0.157143 -0.285714
0 -0.157143 -0.271429
0 -0.157143 -0.257143
0 -0.157143 -0.242857
0 -0.157143 -0.228571
0 -0.157143 -0.214286
0 -0.157143 -0.2
0 -0.157143 -0.185714
0 -0.157143 -0.171429
0 -0.157143 -0.157143
0 -0.157143 -0.142857
0 -0.157143 -0.128571
0 -0.157143 -0.114286
0 -0.157143 -0.1
0 -0.157143 -0.0857143
0 -0.157143 -0.0714286
0 -0.157143 -0.0571429
0 -0.157143 -0.0428571
0 -0.157143 -0.0285714
0 -0.157143 -0.0142857
0 -0.157143 0
0 -0.157143 0.0142857
0 -0.157143 0.0285714
0 -0.157143 0.0428571
0 -0.157143 0.0571429
0 -0.157143 0.0714286
0 -0.157143 0.0857143
0 -0.157143 0.1
0 -0.157143 0.114286
0 -0.157143 0.128571
0 -0.157143 0.142857
0 -0.157143 0.157143
0 -0.157143 0.171429
0 -0.157143 0.185714
0 -0.157143 0.2
0 -0.157143 0.214286
0 -0.157143 0.228571
0 -0.157143 0.242857
0 -0.157143 0.257143
0 -0.157143 0.271429
0 -0.157143 0.285714
0 -0.157143 0.3
0 -0.157143 0.314286
0 -0.157143 0.328571
0 -0.157143 0.342857
0 -0.157143 0.357143
0 -0.157143 0.371429
0 -0.157143 0.385714
0 -0.157143 0.4
0 -0.157143 0.414286
0 -0.157143 0.428571
0 -0.157143 0.442857
0 -0.157143 0.457143
0 -0.157143 0.471429
0 -0.157143 0.485714
0 -0.142857 -0.5
0 -0.142857 -0.485714
0 -0.142857 -0.471429
0 -0.142857 -0.457143
0 -0.142857 -0.442857
0 -0.142857 -0.428571
0 -0.142857 -0.414286
0 -0.142857 -0.4
0 -0.142857 -0.385714
0 -0.142857 -0.371429
0 -0.142857 -0.357143
0 -0.142857 -0.342857
0 -0.142857 -0.328571
0 -0.142857 -0.314286
0 -0.142857 -0.3
0 -0.142857 -0.285714
0 -0.142857 -0.271429
0 -0.142857 -0.257143
0 -0.142857 -0.242857
0 -0.142857 -0.228571
0 -0.142857 -0.214286
0 -0.142857 -0.2
0 -0.142857 -0.185714
0 -0.142857 -0.171429
0 -0.142857 -0.157143
0 -0.142857 -0.142857
0 -0.142857 -0.128571
0 -0.142857 -0.114286
0 -0.142857 -0.1
0 -0.142857 -0.0857143
0 -0.142857 -0.0714286
0 -0.142857 -0.0571429
0 -0.142857 -0.0428571
0 -0.142857 -0.0285714
0 -0.142857 -0.0142857
0 -0.142857 0
0 -0.142857 0.0142857
0 -0.142857 0.0285714
0 -0.142857 0.0428571
0 -0.142857 0.0571429
0 -0.142857 0.0714286
0 -0.142857 0.0857143
0 -0.142857 0.1
0 -0.142857 0.114286
0 -0.142857 0.128571
0 -0.142857 0.142857
0 -0.142857 0.157143
0 -0.142857 0.171429
0 -0.142857 0.185714
0 -0.142857 0.2
0 -0.142857 0.214286
0 -0.142857 0.228571
0 -0.142857 0.242857
0 -0.142857 0.257143
0 -0.142857 0.271429
0 -0.142857 0.285714
0 -0.142857 0.3
0 -0.142857 0.314286
0 -0.142857 0.328571
0 -0.142857 0.342857
0 -0.142857 0.357143
0 -0.142857 0.371429
0 -0.142857 0.385714
0 -0.142857 0.4
0 -0.142857 0.414286
0 -0.142857 0.428571
0 -0.142857 0.442857
0 -0.142857 0.457143
0 -0.142857 0.471429
0 -0.142857 0.485714
0 -0.128571 -0.5
0 -0.128571 -0.485714
0 -0.128571 -0.471429
0 -0.128571 -0.457143
0 -0.128571 -0.442857
0 -0.128571 -0.428571
0 -0.128571 -0.414286
0 -0.128571 -0.4
0 -0.128571 -0.385714
0 -0.128571 -0.371429
0 -0.128571 -0.357143
0 -0.128571 -0.342857
0 -0.128571 -0.328571
0 -0.128571 -0.314286
0 -0.128571 -0.3
0 -0.128571 -0.285714
0 -0.128571 -0.271429
0 -0.128571 -0.257143
0 -0.128571 -0.242857
0 -0.128571 -0.228571
0 -0.128571 -0.214286
0 -0.128571 -0.2
0 -0.128571 -0.185714
0 -0.128571 -0.171429
0 -0.128571 -0.157143
0 -0.128571 -0.142857
0 -0.128571 -0.128571
0 -0.128571 -0.114286
0 -0.128571 -0.1
0 -0.128571 -0.0857143
0 -0.128571 -0.0714286
0 -0.128571 -0.0571429
0 -0.128571 -0.0428571
0 -0.128571 -0.0285714
0 -0.128571 -0.0142857
0 -0.128571 0
0 -0.128571 0.0142857
0 -0.128571 0.0285714
0 -0.128571 0.0428571
0 -0.128571 0.0571429
0 -0.128571 0.0714286
0 -0.128571 0.0857143
0 -0.128571 0.1
0 -0.128571 0.114286
0 -0.128571 0.128571
0 -0.128571 0.142857
0 -0.128571 0.157143
0 -0.128571 0.171429
0 -0.128571 0.185714
0 -0.128571 0.2
0 -0.128571 0.214286
0 -0.128571 0.228571
0 -0.128571 0.242857
0 -0.128571 0.257143
0 -0.128571 0.271429
0 -0.128571 0.285714
0 -0.128571 0.3
0 -0.128571 0.314286
0 -0.128571 0.328571
0 -0.128571 0.342857
0 -0.128571 0.357143
0 -0.128571 0.371429
0 -0.128571 0.385714
0 -0.128571 0.4
0 -0.128571 0.414286
0 -0.128571 0.428571
0 -0.128571 0.442857
0 -0.128571 0.457143
0 -0.128571 0.471429
0 -0.128571 0.485714
0 -0.114286 -0.5
0 -0.114286 -0.485714
0 -0.114286 -0.471429
0 -0.114286 -0.457143
0 -0.114286 -0.442857
0 -0.114286 -0.428571
0 -0.114286 -0.414286
0 -0.114286 -0.4
0 -0.114286 -0.385714
0 -0.114286 -0.371429
0 -0.114286 -0.357143
0 -0.114286 -0.342857
0 -0.114286 -0.328571
0 -0.114286 -0.314286
0 -0.114286 -0.3
0 -0.114286 -0.285714
0 -0.114286 -0.271429
0 -0.114286 -0.257143
0 -0.114286 -0.242857
0 -0.114286 -0.228571
0 -0.114286 -0.214286
0 -0.114286 -0.2
0 -0.114286 -0.185714
0 -0.114286 -0.171429
0 -0.114286 -0.157143
0 -0.114286 -0.142857
0 -0.114286 -0.128571
0 -0.114286 -0.114286
0 -0.114286 -0.1
0 -0.114286 -0.0857143
0 -0.114286 -0.0714286
0 -0.114286 -0.0571429
0 -0.114286 -0.0428571
0 -0.114286 -0.0285714
0 -0.114286 -0.0142857
0 -0.114286 0
0 -0.114286 0.0142857
0 -0.114286 0.0285714
0 -0.114286 0.0428571
0 -0.114286 0.0571429
0 -0.114286 0.0714286
0 -0.114286 0.0857143
0 -0.114286 0.1
0 -0.114286 0.114286
0 -0.114286 0.128571
0 -0.114286 0.142857
0 -0.114286 0.157143
0 -0.114286 0.171429
0 -0.114286 0.185714
0 -0.114286 0.2
0 -0.114286 0.214286
0 -0.114286 0.228571
0 -0.114286 0.242857
0 -0.114286 0.257143
0 -0.114286 0.271429
0 -0.114286 0.285714
0 -0.114286 0.3
0 -0.114286 0.314286
0 -0.114286 0.328571
0 -0.114286 0.342857
0 -0.114286 0.357143
0 -0.114286 0.371429
0 -0.114286 0.385714
0 -0.114286 0.4
0 -0.114286 0.414286
0 -0.114286 0.428571
0 -0.114286 0.442857
0 -0.114286 0.457143
0 -0.114286 0.471429
0 -0.114286 0.485714
0 -0.1 -0.5
0 -0.1 -0.485714
0 -0.1 -0.471429
0 -0.1 -0.457143
0 -0.1 -0.442857
0 -0.1 -0.428571
0 -0.1 -0.414286
0 -0.1 -0.4
0 -0.1 -0.385714
0 -0.1 -0.371429
0 -0.1 -0.357143
0 -0.1 -0.342857
0 -0.1 -0.328571
0 -0.1 -0.314286
0 -0.1 -0.3
0 -0.1 -0.285714
0 -0.1 -0.271429
0 -0.1 -0.257143
0 -0.1 -0.242857
0 -0.1 -0.228571
0 -0.1 -0.214286
0 -0.1 -0.2
0 -0.1 -0.185714
0 -0.1 -0.171429
0 -0.1 -0.157143
0 -0.1 -0.142857
0 -0.1 -0.128571
0 -0.1 -0.114286
0 -0.1 -0.1
0 -0.1 -0.0857143
0 -0.1 -0.0714286
0 -0.1 -0.0571429
0 -0.1 -0.0428571
0 -0.1 -0.0285714
0 -0.1 -0.0142857
0 -0.1 0
0 -0.1 0.0142857
0 -0.1 0.0285714
0 -0.1 0.0428571
0 -0.1 0.0571429
0 -0.1 0.0714286
0 -0.1 0.0857143
0 -0.1 0.1
0 -0.1 0.114286
0 -0.1 0.128571
0 -0.1 0.142857
0 -0.1 0.157143
0 -0.1 0.171429
0 -0.1 0.185714
0 -0.1 0.2
0 -0.1 0.214286
0 -0.1 0.228571
0 -0.1 0.242857
0 -0.1 0.257143
0 -0.1 0.271429
0 -0.1 0.285714
0 -0.1 0.3
0 -0.1 0.314286
0 -0.1 0.328571
0 -0.1 0.342857
0 -0.1 0.357143
0 -0.1 0.371429
0 -0.1 0.385714
0 -0.1 0.4
0 -0.1 0.414286
0 -0.1 0.428571
0 -0.1 0.442857
0 -0.1 0.457143
0 -0.1 0.471429
0 -0.1 0.485714
0 -0.0857143 -0.5
0 -0.0857143 -0.485714
0 -0.0857143 -0.471429
0 -0.0857143 -0.457143
0 -0.0857143 -0.442857
0 -0.0857143 -0.428571
0 -0.0857143 -0.414286
0 -0.0857143 -0.4
0 -0.0857143 -0.385714
0 -0.0857143 -0.371429
0 -0.0857143 -0.357143
0 -0.0857143 -0.342857
0 -0.0857143 -0.328571
0 -0.0857143 -0.314286
0 -0.0857143 -0.3
0 -0.0857143 -0.285714
0 -0.0857143 -0.271429
0 -0.0857143 -0.257143
0 -0.0857143 -0.242857
0 -0.0857143 -0.228571
0 -0.0857143 -0.214286
0 -0.0857143 -0.2
0 -0.0857143 -0.185714
0 -0.0857143 -0.171429
0 -0.0857143 -0.157143
0 -0.0857143 -0.142857
0 -0.0857143 -0.128571
0 -0.0857143 -0.114286
0 -0.0857143 -0.1
0 -0.0857143 -0.0857143
0 -0.0857143 -0.0714286
0 -0.0857143 -0.0571429
0 -0.0857143 -0.0428571
0 -0.0857143 -0.0285714
0 -0.0857143 -0.0142857
0 -0.0857143 0
0 -0.0857143 0.0142857
0 -0.0857143 0.0285714
0 -0.0857143 0.0428571
0 -0.0857143 0.0571429
0 -0.0857143 0.0714286
0 -0.0857143 0.0857143
0 -0.0857143 0.1
0 -0.0857143 0.114286
0 -0.0857143 0.128571
0 -0.0857143 0.142857
0 -0.0857143 0.157143
0 -0.0857143 0.171429
0 -0.0857143 0.185714
0 -0.0857143 0.2
0 -0.0857143 0.214286
0 -0.0857143 0.228571
0 -0.0857143 0.242857
0 -0.0857143 0.257143
0 -0.0857143 0.271429
0 -0.0857143 0.285714
0 -0.0857143 0.3
0 -0.0857143 0.314286
0 -0.0857143 0.328571
0 -0.0857143 0.342857
0 -0.0857143 0.357143
0 -0.0857143 0.371429
0 -0.0857143 0.385714
0 -0.0857143 0.4
0 -0.0857143 0.414286
0 -0.0857143 0.428571
0 -0.0857143 0.442857
0 -0.0857143 0.457143
0 -0.0857143 0.471429
0 -0.0857143 0.485714
0 -0.0714286 -0.5
0 -0.0714286 -0.485714
0 -0.0714286 -0.471429
0 -0.0714286 -0.457143
0 -0.0714286 -0.442857
0 -0.0714286 -0.428571
0 -0.0714286 -0.414286
0 -0.0714286 -0.4
0 -0.0714286 -0.385714
0 -0.0714286 -0.371429
0 -0.0714286 -0.357143
0 -0.0714286 -0.342857
0 -0.0714286 -0.328571
0 -0.0714286 -0.314286
0 -0.0714286 -0.3
0 -0.0714286 -0.285714
0 -0.0714286 -0.271429
0 -0.0714286 -0.257143
0 -0.0714286 -0.242857
0 -0.0714286 -0.228571
0 -0.0714286 -0.214286
0 -0.0714286 -0.2
0 -0.0714286 -0.185714
0 -0.0714286 -0.171429
0 -0.0714286 -0.157143
0 -0.0714286 -0.142857
0 -0.0714286 -0.128571
0 -0.0714286 -0.114286
0 -0.0714286 -0.1
0 -0.0714286 -0.0857143
0 -0.0714286 -0.0714286
0 -0.0714286 -0.0571429
0 -0.0714286 -0.0428571
0 -0.0714286 -0.0285714
0 -0.0714286 -0.0142857
0 -0.0714286 0
0 -0.0714286 0.0142857
0 -0.0714286 0.0285714
0 -0.0714286 0.0428571
0 -0.0714286 0.0571429
0 -0.0714286 0.0714286
0 -0.0714286 0.0857143
0 -0.0714286 0.1
0 -0.0714286 0.114286
0 -0.0714286 0.128571
0 -0.0714286 0.142857
0 -0.0714286 0.157143
0 -0.0714286 0.171429
0 -0.0714286 0.185714
0 -0.0714286 0.2
0 -0.0714286 0.214286
0 -0.0714286 0.228571
0 -0.0714286 0.242857
0 -0.0714286 0.257143
0 -0.0714286 0.271429
0 -0.0714286 0.285714
0 -0.0714286 0.3
0 -0.0714286 0.314286
0 -0.0714286 0.328571
0 -0.0714286 0.342857
0 -0.0714286 0.357143
0 -0.0714286 0.371429
0 -0.0714286 0.385714
0 -0.0714286 0.4
0 -0.0714286 0.414286
0 -0.0714286 0.428571
0 -0.0714286 0.442857
0 -0.0714286 0.457143
0 -0.0714286 0.471429
0 -0.0714286 0.485714
0 -0.0571429 -0.5
0 -0.0571429 -0.485714
0 -0.0571429 -0.471429
0 -0.0571429 -0.457143
0 -0.0571429 -0.442857
0 -0.0571429 -0.428571
0 -0.0571429 -0.414286
0 -0.0571429 -0.4
0 -0.0571429 -0.385714
0 -0.0571429 -0.371429
0 -0.0571429 -0.357143
0 -0.0571429 -0.342857
0 -0.0571429 -0.328571
0 -0.0571429 -0.314286
0 -0.0571429 -0.3
0 -0.0571429 -0.285714
0 -0.0571429 -0.271429
0 -0.0571429 -0.257143
0 -0.0571429 -0.242857
0 -0.0571429 -0.228571
0 -0.0571429 -0.214286
0 -0.0571429 -0.2
0 -0.0571429 -0.185714
0 -0.0571429 -0.171429
0 -0.0571429 -0.157143
0 -0.0571429 -0.142857
0 -0.0571429 -0.128571
0 -0.0571429 -0.114286
0 -0.0571429 -0.1
0 -0.0571429 -0.0857143
0 -0.0571429 -0.0714286
0 -0.0571429 -0.0571429
0 -0.0571429 -0.0428571
0 -0.0571429 -0.0285714
0 -0.0571429 -0.0142857
0 -0.0571429 0
0 -0.0571429 0.0142857
0 -0.0571429 0.0285714
0 -0.0571429 0.0428571
0 -0.0571429 0.0571429
0 -0.0571429 0.0714286
0 -0.0571429 0.0857143
0 -0.0571429 0.1
0 -0.0571429 0.114286
0 -0.0571429 0.128571
0 -0.0571429 0.142857
0 -0.0571429 0.157143
0 -0.0571429 0.171429
0 -0.0571429 0.185714
0 -0.0571429 0.2
0 -0.0571429 0.214286
0 -0.0571429 0.228571
0 -0.0571429 0.242857
0 -0.0571429 0.257143
0 -0.0571429 0.271429
0 -0.0571429 0.285714
0 -0.0571429 0.3
0 -0.0571429 0.314286
0 -0.0571429 0.328571
0 -0.0571429 0.342857
0 -0.0571429 0.357143
0 -0.0571429 0.371429
0 -0.0571429 0.385714
0 -0.0571429 0.4
0 -0.0571429 0.414286
0 -0.0571429 0.428571
0 -0.0571429 0.442857
0 -0.0571429 0.457143
0 -0.0571429 0.471429
0 -0.0571429 0.485714
0 -0.0428571 -0.5
0 -0.0428571 -0.485714
0 -0.0428571 -0.471429
0 -0.0428571 -0.457143
0 -0.0428571 -0.442857
0 -0.0428571 -0.428571
0 -0.0428571 -0.414286
0 -0.0428571 -0.4
0 -0.0428571 -0.385714
0 -0.0428571 -0.371429
0 -0.0428571 -0.357143
0 -0.0428571 -0.342857
0 -0.0428571 -0.328571
0 -0.0428571 -0.314286
0 -0.0428571 -0.3
0 -0.0428571 -0.285714
0 -0.0428571 -0.271429
0 -0.0428571 -0.257143
0 -0.0428571 -0.242857
0 -0.0428571 -0.228571
0 -0.0428571 -0.214286
0 -0.0428571 -0.2
0 -0.0428571 -0.185714
0 -0.0428571 -0.171429
0 -0.0428571 -0.157143
0 -0.0428571 -0.142857
0 -0.0428571 -0.128571
0 -0.0428571 -0.114286
0 -0.0428571 -0.1
0 -0.0428571 -0.0857143
0 -0.0428571 -0.0714286
0 -0.0428571 -0.0571429
0 -0.0428571 -0.0428571
0 -0.0428571 -0.0285714
0 -0.0428571 -0.0142857
0 -0.0428571 0
0 -0.0428571 0.0142857
0 -0.0428571 0.0285714
0 -0.0428571 0.0428571
0 -0.0428571 0.0571429
0 -0.0428571 0.0714286
0 -0.0428571 0.0857143
0 -0.0428571 0.1
0 -0.0428571 0.114286
0 -0.0428571 0.128571
0 -0.0428571 0.142857
0 -0.0428571 0.157143
0 -0.0428571 0.171429
0 -0.0428571 0.185714
0 -0.0428571 0.2
0 -0.0428571 0.214286
0 -0.0428571 0.228571
0 -0.0428571 0.242857
0 -0.0428571 0.257143
0 -0.0428571 0.271429
0 -0.0428571 0.285714
0 -0.0428571 0.3
0 -0.0428571 0.314286
0 -0.0428571 0.328571
0 -0.0428571 0.342857
0 -0.0428571 0.357143
0 -0.0428571 0.371429
0 -0.0428571 0.385714
0 -0.0428571 0.4
0 -0.0428571 0.414286
0 -0.0428571 0.428571
0 -0.0428571 0.442857
0 -0.0428571 0.457143
0 -0.0428571 0.471429
0 -0.0428571 0.485714
0 -0.0285714 -0.5
0 -0.0285714 -0.485714
0 -0.0285714 -0.471429
0 -0.0285714 -0.457143
0 -0.0285714 -0.442857
0 -0.0285714 -0.428571
0 -0.0285714 -0.414286
0 -0.0285714 -0.4
0 -0.0285714 -0.385714
0 -0.0285714 -0.371429
0 -0.0285714 -0.357143
0 -0.0285714 -0.342857
0 -0.0285714 -0.328571
0 -0.0285714 -0.314286
0 -0.0285714 -0.3
0 -0.0285714 -0.285714
0 -0.0285714 -0.271429
0 -0.0285714 -0.257143
0 -0.0285714 -0.242857
0 -0.0285714 -0.228571
0 -0.0285714 -0.214286
0 -0.0285714 -0.2
0 -0.0285714 -0.185714
0 -0.0285714 -0.171429
0 -0.0285714 -0.157143
0 -0.0285714 -0.142857
0 -0.0285714 -0.128571
0 -0.0285714 -0.114286
0 -0.0285714 -0.1
0 -0.0285714 -0.0857143
0 -0.0285714 -0.0714286
0 -0.0285714 -0.0571429
0 -0.0285714 -0.0428571
0 -0.0285714 -0.0285714
0 -0.0285714 -0.0142857
0 -0.0285714 0
0 -0.0285714 0.0142857
0 -0.0285714 0.0285714
0 -0.0285714 0.0428571
0 -0.0285714 0.0571429
0 -0.0285714 0.0714286
0 -0.0285714 0.0857143
0 -0.0285714 0.1
0 -0.0285714 0.114286
0 -0.0285714 0.128571
0 -0.0285714 0.142857
0 -0.0285714 0.157143
0 -0.0285714 0.171429
0 -0.0285714 0.185714
0 -0.0285714 0.2
0 -0.0285714 0.214286
0 -0.0285714 0.228571
0 -0.0285714 0.242857
0 -0.0285714 0.257143
0 -0.0285714 0.271429
0 -0.0285714 0.285714
0 -0.0285714 0.3
0 -0.0285714 0.314286
0 -0.0285714 0.328571
0 -0.0285714 0.342857
0 -0.0285714 0.357143
0 -0.0285714 0.371429
0 -0.0285714 0.385714
0 -0.0285714 0.4
0 -0.0285714 0.414286
0 -0.0285714 0.428571
0 -0.0285714 0.442857
0 -0.0285714 0.457143
0 -0.0285714 0.471429
0 -0.0285714 0.485714
0 -0.0142857 -0.5
0 -0.0142857 -0.485714
0 -0.0142857 -0.471429
0 -0.0142857 -0.457143
0 -0.0142857 -0.442857
0 -0.0142857 -0.428571
0 -0.0142857 -0.414286
0 -0.0142857 -0.4
0 -0.0142857 -0.385714
0 -0.0142857 -0.371429
0 -0.0142857 -0.357143
0 -0.0142857 -0.342857
0 -0.0142857 -0.328571
0 -0.0142857 -0.314286
0 -0.0142857 -0.3
0 -0.0142857 -0.285714
0 -0.0142857 -0.271429
0 -0.0142857 -0.257143
0 -0.0142857 -0.242857
0 -0.0142857 -0.228571
0 -0.0142857 -0.214286
0 -0.0142857 -0.2
0 -0.0142857 -0.185714
0 -0.0142857 -0.171429
0 -0.0142857 -0.157143
0 -0.0142857 -0.142857
0 -0.0142857 -0.128571
0 -0.0142857 -0.114286
0 -0.0142857 -0.1
0 -0.0142857 -0.0857143
0 -0.0142857 -0.0714286
0 -0.0142857 -0.0571429
0 -0.0142857 -0.0428571
0 -0.0142857 -0.0285714
0 -0.0142857 -0.0142857
0 -0.0142857 0
0 -0.0142857 0.0142857
0 -0.0142857 0.0285714
0 -0.0142857 0.0428571
0 -0.0142857 0.0571429
0 -0.0142857 0.0714286
0 -0.0142857 0.0857143
0 -0.0142857 0.1
0 -0.0142857 0.114286
0 -0.0142857 0.128571
0 -0.0142857 0.142857
0 -0.0142857 0.157143
0 -0.0142857 0.171429
0 -0.0142857 0.185714
0 -0.0142857 0.2
0 -0.0142857 0.214286
0 -0.0142857 0.228571
0 -0.0142857 0.242857
0 -0.0142857 0.257143
0 -0.0142857 0.271429
0 -0.0142857 0.285714
0 -0.0142857 0.3
0 -0.0142857 0.314286
0 -0.0142857 0.328571
0 -0.0142857 0.342857
0 -0.0142857 0.357143
0 -0.0142857 0.371429
0 -0.0142857 0.385714
0 -0.0142857 0.4
0 -0.0142857 0.414286
0 -0.0142857 0.428571
0 -0.0142857 0.442857
0 -0.0142857 0.457143
0 -0.0142857 0.471429
0 -0.0142857 0.485714
0 0 -0.5
0 0 -0.485714
0 0 -0.471429
0 0 -0.457143
0 0 -0.442857
0 0 -0.428571
0 0 -0.414286
0 0 -0.4
0 0 -0.385714
0 0 -0.371429
0 0 -0.357143
0 0 -0.342857
0 0 -0.328571
0 0 -0.314286
0 0 -0.3
0 0 -0.285714
0 0 -0.271429
0 0 -0.257143
0 0 -0.242857
0 0 -0.228571
0 0 -0.214286
0 0 -0.2
0 0 -0.185714
0 0 -0.171429
0 0 -0.157143
0 0 -0.142857
0 0 -0.128571
0 0 -0.114286
0 0 -0.1
0 0 -0.0857143
0 0 -0.0714286
0 0 -0.0571429
0 0 -0.0428571
0 0 -0.0285714
0 0 -0.0142857
0 0 0
0 0 0.0142857
0 0 0.0285714
0 0 0.0428571
0 0 0.0571429
0 0 0.0714286
0 0 0.0857143
0 0 0.1
0 0 0.114286
0 0 0.128571
0 0 0.142857
0 0 0.157143
0 0 0.171429
0 0 0.185714
0 0 0.2
0 0 0.214286
0 0 0.228571
0 0 0.242857
0 0 0.257143
0 0 0.271429
0 0 0.285714
0 0 0.3
0 0 0.314286
0 0 0.328571
0 0 0.342857
0 0 0.357143
0 0 0.371429
0 0 0.385714
0 0 0.4
0 0 0.414286
0 0 0.428571
0 0 0.442857
0 0 0.457143
0 0 0.471429
0 0 0.485714
0 0.0142857 -0.5
0 0.0142857 -0.485714
0 0.0142857 -0.471429
0 0.0142857 -0.457143
0 0.0142857 -0.442857
0 0.0142857 -0.428571
0 0.0142857 -0.414286
0 0.0142857 -0.4
0 0.0142857 -0.385714
0 0.0142857 -0.371429
0 0.0142857 -0.357143
0 0.0142857 -0.342857
0 0.0142857 -0.328571
0 0.0142857 -0.314286
0 0.0142857 -0.3
0 0.0142857 -0.285714
0 0.0142857 -0.271429
0 0.0142857 -0.257143
0 0.0142857 -0.242857
0 0.0142857 -0.228571
0 0.0142857 -0.214286
0 0.0142857 -0.2
0 0.0142857 -0.185714
0 0.0142857 -0.171429
0 0.0142857 -0.157143
0 0.0142857 -0.142857
0 0.0142857 -0.128571
0 0.0142857 -0.114286
0 0.0142857 -0.1
0 0.0142857 -0.0857143
0 0.0142857 -0.0714286
0 0.0142857 -0.0571429
0 0.0142857 -0.0428571
0 0.0142857 -0.0285714
0 0.0142857 -0.0142857
0 0.0142857 0
0 0.0142857 0.0142857
0 0.0142857 0.0285714
0 0.0142857 0.0428571
0 0.0142857 0.0571429
0 0.0142857 0.0714286
0 0.0142857 0.0857143
0 0.0142857 0.1
0 0.0142857 0.114286
0 0.0142857 0.128571
0 0.0142857 0.142857
0 0.0142857 0.157143
0 0.0142857 0.171429
0 0.0142857 0.185714
0 0.0142857 0.2
0 0.0142857 0.214286
0 0.0142857 0.228571
0 0.0142857 0.242857
0 0.0142857 0.257143
0 0.0142857 0.271429
0 0.0142857 0.285714
0 0.0142857 0.3
0 0.0142857 0.314286
0 0.0142857 0.328571
0 0.0142857 0.342857
0 0.0142857 0.357143
0 0.0142857 0.371429
0 0.0142857 0.385714
0 0.0142857 0.4
0 0.0142857 0.414286
0 0.0142857 0.428571
0 0.0142857 0.442857
0 0.0142857 0.457143
0 0.0142857 0.471429
0 0.0142857 0.485714
0 0.0285714 -0.5
0 0.0285714 -0.485714
0 0.0285714 -0.471429
0 0.0285714 -0.457143
0 0.0285714 -0.442857
0 0.0285714 -0.428571
0 0.0285714 -0.414286
0 0.0285714 -0.4
0 0.0285714 -0.385714
0 0.0285714 -0.371429
0 0.0285714 -0.357143
0 0.0285714 -0.342857
0 0.0285714 -0.328571
0 0.0285714 -0.314286
0 0.0285714 -0.3
0 0.0285714 -0.285714
0 0.0285714 -0.271429
0 0.0285714 -0.257143
0 0.0285714 -0.242857
0 0.0285714 -0.228571
0 0.0285714 -0.214286
0 0.0285714 -0.2
0 0.0285714 -0.185714
0 0.0285714 -0.171429
0 0.0285714 -0.157143
0 0.0285714 -0.142857
0 0.0285714 -0.128571
0 0.0285714 -0.114286
0 0.0285714 -0.1
0 0.0285714 -0.0857143
0 0.0285714 -0.0714286
0 0.0285714 -0.0571429
0 0.0285714 -0.0428571
0 0.0285714 -0.0285714
0 0.0285714 -0.0142857
0 0.0285714 0
0 0.0285714 0.0142857
0 0.0285714 0.0285714
0 0.0285714 0.0428571
0 0.0285714 0.0571429
0 0.0285714 0.0714286
0 0.0285714 0.0857143
0 0.0285714 0.1
0 0.0285714 0.114286
0 0.0285714 0.128571
0 0.0285714 0.142857
0 0.0285714 0.157143
0 0.0285714 0.171429
0 0.0285714 0.185714
0 0.0285714 0.2
0 0.0285714 0.214286
0 0.0285714 0.228571
0 0.0285714 0.242857
0 0.0285714 0.257143
0 0.0285714 0.271429
0 0.0285714 0.285714
0 0.0285714 0.3
0 0.0285714 0.314286
0 0.0285714 0.328571
0 0.0285714 0.342857
0 0.0285714 0.357143
0 0.0285714 0.371429
0 0.0285714 0.385714
0 0.0285714 0.4
0 0.0285714 0.414286
0 0.0285714 0.428571
0 0.0285714 0.442857
0 0.0285714 0.457143
0 0.0285714 0.471429
0 0.0285714 0.485714
0 0.0428571 -0.5
0 0.0428571 -0.485714
0 0.0428571 -0.471429
0 0.0428571 -0.457143
0 0.0428571 -0.442857
0 0.0428571 -0.428571
0 0.0428571 -0.414286
0 0.0428571 -0.4
0 0.0428571 -0.385714
0 0.0428571 -0.371429
0 0.0428571 -0.357143
0 0.0428571 -0.342857
0 0.0428571 -0.328571
0 0.0428571 -0.314286
0 0.0428571 -0.3
0 0.0428571 -0.285714
0 0.0428571 -0.271429
0 0.0428571 -0.257143
0 0.0428571 -0.242857
0 0.0428571 -0.228571
0 0.0428571 -0.214286
0 0.0428571 -0.2
0 0.0428571 -0.185714
0 0.0428571 -0.171429
0 0.0428571 -0.157143
0 0.0428571 -0.142857
0 0.0428571 -0.128571
0 0.0428571 -0.114286
0 0.0428571 -0.1
0 0.0428571 -0.0857143
0 0.0428571 -0.0714286
0 0.0428571 -0.0571429
0 0.0428571 -0.0428571
0 0.0428571 -0.0285714
0 0.0428571 -0.0142857
0 0.0428571 0
0 0.0428571 0.0142857
0 0.0428571 0.0285714
0 0.0428571 0.0428571
0 0.0428571 0.0571429
0 0.0428571 0.0714286
0 0.0428571 0.0857143
0 0.0428571 0.1
0 0.0428571 0.114286
0 0.0428571 0.128571
0 0.0428571 0.142857
0 0.0428571 0.157143
0 0.0428571 0.171429
0 0.0428571 0.185714
0 0.0428571 0.2
0 0.0428571 0.214286
0 0.0428571 0.228571
0 0.0428571 0.242857
0 0.0428571 0.257143
0 0.0428571 0.271429
0 0.0428571 0.285714
0 0.0428571 0.3
0 0.0428571 0.314286
0 0.0428571 0.328571
0 0.0428571 0.342857
0 0.0428571 0.357143
0 0.0428571 0.371429
0 0.0428571 0.385714
0 0.0428571 0.4
0 0.0428571 0.414286
0 0.0428571 0.428571
0 0.0428571 0.442857
0 0.0428571 0.457143
0 0.0428571 0.471429
0 0.0428571 0.485714
0 0.0571429 -0.5
0 0.0571429 -0.485714
0 0.0571429 -0.471429
0 0.0571429 -0.457143
0 0.0571429 -0.442857
0 0.0571429 -0.428571
0 0.0571429 -0.414286
0 0.0571429 -0.4
0 0.0571429 -0.385714
0 0.0571429 -0.371429
0 0.0571429 -0.357143
0 0.0571429 -0.342857
0 0.0571429 -0.328571
0 0.0571429 -0.314286
0 0.0571429 -0.3
0 0.0571429 -0.285714
0 0.0571429 -0.271429
0 0.0571429 -0.257143
0 0.0571429 -0.242857
0 0.0571429 -0.228571
0 0.0571429 -0.214286
0 0.0571429 -0.2
0 0.0571429 -0.185714
0 0.0571429 -0.171429
0 0.0571429 -0.157143
0 0.0571429 -0.142857
0 0.0571429 -0.128571
0 0.0571429 -0.114286
0 0.0571429 -0.1
0 0.0571429 -0.0857143
0 0.0571429 -0.0714286
0 0.0571429 -0.0571429
0 0.0571429 -0.0428571
0 0.0571429 -0.0285714
0 0.0571429 -0.0142857
0 0.0571429 0
0 0.0571429 0.0142857
0 0.0571429 0.0285714
0 0.0571429 0.0428571
0 0.0571429 0.0571429
0 0.0571429 0.0714286
0 0.0571429 0.0857143
0 0.0571429 0.1
0 0.0571429 0.114286
0 0.0571429 0.128571
0 0.0571429 0.142857
0 0.0571429 0.157143
0 0.0571429 0.171429
0 0.0571429 0.185714
0 0.0571429 0.2
0 0.0571429 0.214286
0 0.0571429 0.228571
0 0.0571429 0.242857
0 0.0571429 0.257143
0 0.0571429 0.271429
0 0.0571429 0.285714
0 0.0571429 0.3
0 0.0571429 0.314286
0 0.0571429 0.328571
0 0.0571429 0.342857
0 0.0571429 0.357143
0 0.0571429 0.371429
0 0.0571429 0.385714
0 0.0571429 0.4
0 0.0571429 0.414286
0 0.0571429 0.428571
0 0.0571429 0.442857
0 0.0571429 0.457143
0 0.0571429 0.471429
0 0.0571429 0.485714
0 0.0714286 -0.5
0 0.0714286 -0.485714
0 0.0714286 -0.471429
0 0.0714286 -0.457143
0 0.0714286 -0.442857
0 0.0714286 -0.428571
0 0.0714286 -0.414286
0 0.0714286 -0.4
0 0.0714286 -0.385714
0 0.0714286 -0.371429
0 0.0714286 -0.357143
0 0.0714286 -0.342857
0 0.0714286 -0.328571
0 0.0714286 -0.314286
0 0.0714286 -0.3
0 0.0714286 -0.285714
0 0.0714286 -0.271429
0 0.0714286 -0.257143
0 0.0714286 -0.242857
0 0.0714286 -0.228571
0 0.0714286 -0.214286
0 0.0714286 -0.2
0 0.0714286 -0.185714
0 0.0714286 -0.171429
0 0.0714286 -0.157143
0 0.0714286 -0.142857
0 0.0714286 -0.128571
0 0.0714286 -0.114286
0 0.0714286 -0.1
0 0.0714286 -0.0857143
0 0.0714286 -0.0714286
0 0.0714286 -0.0571429
0 0.0714286 -0.0428571
0 0.0714286 -0.0285714
0 0.0714286 -0.0142857
0 0.0714286 0
0 0.0714286 0.0142857
0 0.0714286 0.0285714
0 0.0714286 0.0428571
0 0.0714286 0.0571429
0 0.0714286 0.0714286
0 0.0714286 0.0857143
0 0.0714286 0.1
0 0.0714286 0.114286
0 0.0714286 0.128571
0 0.0714286 0.142857
0 0.0714286 0.157143
0 0.0714286 0.171429
0 0.0714286 0.185714
0 0.0714286 0.2
0 0.0714286 0.214286
0 0.0714286 0.228571
0 0.0714286 0.242857
0 0.0714286 0.257143
0 0.0714286 0.271429
0 0.0714286 0.285714
0 0.0714286 0.3
0 0.0714286 0.314286
0 0.0714286 0.328571
0 0.0714286 0.342857
0 0.0714286 0.357143
0 0.0714286 0.371429
0 0.0714286 0.385714
0 0.0714286 0.4
0 0.0714286 0.414286
0 0.0714286 0.428571
0 0.0714286 0.442857
0 0.0714286 0.457143
0 0.0714286 0.471429
0 0.0714286 0.485714
0 0.0857143 -0.5
0 0.0857143 -0.485714
0 0.0857143 -0.471429
0 0.0857143 -0.457143
0 0.0857143 -0.442857
0 0.0857143 -0.428571
0 0.0857143 -0.414286
0 0.0857143 -0.4
0 0.0857143 -0.385714
0 0.0857143 -0.371429
0 0.0857143 -0.357143
0 0.0857143 -0.342857
0 0.0857143 -0.328571
0 0.0857143 -0.314286
0 0.0857143 -0.3
0 0.0857143 -0.285714
0 0.0857143 -0.271429
0 0.0857143 -0.257143
0 0.0857143 -0.242857
0 0.0857143 -0.228571
0 0.0857143 -0.214286
0 0.0857143 -0.2
0 0.0857143 -0.185714
0 0.0857143 -0.171429
0 0.0857143 -0.157143
0 0.0857143 -0.142857
0 0.0857143 -0.128571
0 0.0857143 -0.114286
0 0.0857143 -0.1
0 0.0857143 -0.0857143
0 0.0857143 -0.0714286
0 0.0857143 -0.0571429
0 0.0857143 -0.0428571
0 0.0857143 -0.0285714
0 0.0857143 -0.0142857
0 0.0857143 0
0 0.0857143 0.0142857
0 0.0857143 0.0285714
0 0.0857143 0.0428571
0 0.0857143 0.0571429
0 0.0857143 0.0714286
0 0.0857143 0.0857143
0 0.0857143 0.1
0 0.0857143 0.114286
0 0.0857143 0.128571
0 0.0857143 0.142857
0 0.0857143 0.157143
0 0.0857143 0.171429
0 0.0857143 0.185714
0 0.0857143 0.2
0 0.0857143 0.214286
0 0.0857143 0.228571
0 0.0857143 0.242857
0 0.0857143 0.257143
0 0.0857143 0.271429
0 0.0857143 0.285714
0 0.0857143 0.3
0 0.0857143 0.314286
0 0.0857143 0.328571
0 0.0857143 0.342857
0 0.0857143 0.357143
0 0.0857143 0.371429
0 0.0857143 0.385714
0 0.0857143 0.4
0 0.0857143 0.414286
0 0.0857143 0.428571
0 0.0857143 0.442857
0 0.0857143 0.457143
0 0.0857143 0.471429
0 0.0857143 0.485714
0 0.1 -0.5
0 0.1 -0.485714
0 0.1 -0.471429
0 0.1 -0.457143
0 0.1 -0.442857
0 0.1 -0.428571
0 0.1 -0.414286
0 0.1 -0.4
0 0.1 -0.385714
0 0.1 -0.371429
0 0.1 -0.357143
0 0.1 -0.342857
0 0.1 -0.328571
0 0.1 -0.314286
0 0.1 -0.3
0 0.1 -0.285714
0 0.1 -0.271429
0 0.1 -0.257143
0 0.1 -0.242857
0 0.1 -0.228571
0 0.1 -0.214286
0 0.1 -0.2
0 0.1 -0.185714
0 0.1 -0.171429
0 0.1 -0.157143
0 0.1 -0.142857
0 0.1 -0.128571
0 0.1 -0.114286
0 0.1 -0.1
0 0.1 -0.0857143
0 0.1 -0.0714286
0 0.1 -0.0571429
0 0.1 -0.0428571
0 0.1 -0.0285714
0 0.1 -0.0142857
0 0.1 0
0 0.1 0.0142857
0 0.1 0.0285714
0 0.1 0.0428571
0 0.1 0.0571429
0 0.1 0.0714286
0 0.1 0.0857143
0 0.1 0.1
0 0.1 0.114286
0 0.1 0.128571
0 0.1 0.142857
0 0.1 0.157143
0 0.1 0.171429
0 0.1 0.185714
0 0.1 0.2
0 0.1 0.214286
0 0.1 0.228571
0 0.1 0.242857
0 0.1 0.257143
0 0.1 0.271429
0 0.1 0.285714
0 0.1 0.3
0 0.1 0.314286
0 0.1 0.328571
0 0.1 0.342857
0 0.1 0.357143
0 0.1 0.371429
0 0.1 0.385714
0 0.1 0.4
0 0.1 0.414286
0 0.1 0.428571
0 0.1 0.442857
0 0.1 0.457143
0 0.1 0.471429
0 0.1 0.485714
0 0.114286 -0.5
0 0.114286 -0.485714
0 0.114286 -0.471429
0 0.114286 -0.457143
0 0.114286 -0.442857
0 0.114286 -0.428571
0 0.114286 -0.414286
0 0.114286 -0.4
0 0.114286 -0.385714
0 0.114286 -0.371429
0 0.114286 -0.357143
0 0.114286 -0.342857
0 0.114286 -0.328571
0 0.114286 -0.314286
0 0.114286 -0.3
0 0.114286 -0.285714
0 0.114286 -0.271429
0 0.114286 -0.257143
0 0.114286 -0.242857
0 0.114286 -0.228571
0 0.114286 -0.214286
0 0.114286 -0.2
0 0.114286 -0.185714
0 0.114286 -0.171429
0 0.114286 -0.157143
0 0.114286 -0.142857
0 0.114286 -0.128571
0 0.114286 -0.114286
0 0.114286 -0.1
0 0.114286 -0.0857143
0 0.114286 -0.0714286
0 0.114286 -0.0571429
0 0.114286 -0.0428571
0 0.114286 -0.0285714
0 0.114286 -0.0142857
0 0.114286 0
0 0.114286 0.0142857
0 0.114286 0.0285714
0 0.114286 0.0428571
0 0.114286 0.0571429
0 0.114286 0.0714286
0 0.114286 0.0857143
0 0.114286 0.1
0 0.114286 0.114286
0 0.114286 0.128571
0 0.114286 0.142857
0 0.114286 0.157143
0 0.114286 0.171429
0 0.114286 0.185714
0 0.114286 0.2
0 0.114286 0.214286
0 0.114286 0.228571
0 0.114286 0.242857
0 0.114286 0.257143
0 0.114286 0.271429
0 0.114286 0.285714
0 0.114286 0.3
0 0.114286 0.314286
0 0.114286 0.328571
0 0.114286 0.342857
0 0.114286 0.357143
0 0.114286 0.371429
0 0.114286 0.385714
0 0.114286 0.4
0 0.114286 0.414286
0 0.114286 0.428571
0 0.114286 0.442857
0 0.114286 0.457143
0 0.114286 0.471429
0 0.114286 0.485714
0 0.128571 -0.5
0 0.128571 -0.485714
0 0.128571 -0.471429
0 0.128571 -0.457143
0 0.128571 -0.442857
0 0.128571 -0.428571
0 0.128571 -0.414286
0 0.128571 -0.4
0 0.128571 -0.385714
0 0.128571 -0.371429
0 0.128571 -0.357143
0 0.128571 -0.342857
0 0.128571 -0.328571
0 0.128571 -0.314286
0 0.128571 -0.3
0 0.128571 -0.285714
0 0.128571 -0.271429
0 0.128571 -0.257143
0 0.128571 -0.242857
0 0.128571 -0.228571
0 0.128571 -0.214286
0 0.128571 -0.2
0 0.128571 -0.185714
0 0.128571 -0.171429
0 0.128571 -0.157143
0 0.128571 -0.142857
0 0.128571 -0.128571
0 0.128571 -0.114286
0 0.128571 -0.1
0 0.128571 -0.0857143
0 0.128571 -0.0714286
0 0.128571 -0.0571429
0 0.128571 -0.0428571
0 0.128571 -0.0285714
0 0.128571 -0.0142857
0 0.128571 0
0 0.128571 0.0142857
0 0.128571 0.0285714
0 0.128571 0.0428571
0 0.128571 0.0571429
0 0.128571 0.0714286
0 0.128571 0.0857143
0 0.128571 0.1
0 0.128571 0.114286
0 0.128571 0.128571
0 0.128571 0.142857
0 0.128571 0.157143
0 0.128571 0.171429
0 0.128571 0.185714
0 0.128571 0.2
0 0.128571 0.214286
0 0.128571 0.228571
0 0.128571 0.242857
0 0.128571 0.257143
0 0.128571 0.271429
0 0.128571 0.285714
0 0.128571 0.3
0 0.128571 0.314286
0 0.128571 0.328571
0 0.128571 0.342857
0 0.128571 0.357143
0 0.128571 0.371429
0 0.128571 0.385714
0 0.128571 0.4
0 0.128571 0.414286
0 0.128571 0.428571
0 0.128571 0.442857
0 0.128571 0.457143
0 0.128571 0.471429
0 0.128571 0.485714
0 0.142857 -0.5
0 0.142857 -0.485714
0 0.142857 -0.471429
0 0.142857 -0.457143
0 0.142857 -0.442857
0 0.142857 -0.428571
0 0.142857 -0.414286
0 0.142857 -0.4
0 0.142857 -0.385714
0 0.142857 -0.371429
0 0.142857 -0.357143
0 0.142857 -0.342857
0 0.142857 -0.328571
0 0.142857 -0.314286
0 0.142857 -0.3
0 0.142857 -0.285714
0 0.142857 -0.271429
0 0.142857 -0.257143
0 0.142857 -0.242857
0 0.142857 -0.228571
0 0.142857 -0.214286
0 0.142857 -0.2
0 0.142857 -0.185714
0 0.142857 -0.171429
0 0.142857 -0.157143
0 0.142857 -0.142857
0 0.142857 -0.128571
0 0.142857 -0.114286
0 0.142857 -0.1
0 0.142857 -0.0857143
0 0.142857 -0.0714286
0 0.142857 -0.0571429
0 0.142857 -0.0428571
0 0.142857 -0.0285714
0 0.142857 -0.0142857
0 0.142857 0
0 0.142857 0.0142857
0 0.142857 0.0285714
0 0.142857 0.0428571
0 0.142857 0.0571429
0 0.142857 0.0714286
0 0.142857 0.0857143
0 0.142857 0.1
0 0.142857 0.114286
0 0.142857 0.128571
0 0.142857 0.142857
0 0.142857 0.157143
0 0.142857 0.171429
0 0.142857 0.185714
0 0.142857 0.2
0 0.142857 0.214286
0 0.142857 0.228571
0 0.142857 0.242857
0 0.142857 0.257143
0 0.142857 0.271429
0 0.142857 0.285714
0 0.142857 0.3
0 0.142857 0.314286
0 0.142857 0.328571
0 0.142857 0.342857
0 0.142857 0.357143
0 0.142857 0.371429
0 0.142857 0.385714
0 0.142857 0.4
0 0.142857 0.414286
0 0.142857 0.428571
0 0.142857 0.442857
0 0.142857 0.457143
0 0.142857 0.471429
0 0.142857 0.485714
0 0.157143 -0.5
0 0.157143 -0.485714
0 0.157143 -0.471429
0 0.157143 -0.457143
0 0.157143 -0.442857
0 0.157143 -0.428571
0 0.157143 -0.414286
0 0.157143 -0.4
0 0.157143 -0.385714
0 0.157143 -0.371429
0 0.157143 -0.357143
0 0.157143 -0.342857
0 0.157143 -0.328571
0 0.157143 -0.314286
0 0.157143 -0.3
0 0.157143 -0.285714
0 0.157143 -0.271429
0 0.157143 -0.257143
0 0.157143 -0.242857
0 0.157143 -0.228571
0 0.157143 -0.214286
0 0.157143 -0.2
0 0.157143 -0.185714
0 0.157143 -0.171429
0 0.157143 -0.157143
0 0.157143 -0.142857
0 0.157143 -0.128571
0 0.157143 -0.114286
0 0.157143 -0.1
0 0.157143 -0.0857143
0 0.157143 -0.0714286
0 0.157143 -0.0571429
0 0.157143 -0.0428571
0 0.157143 -0.0285714
0 0.157143 -0.0142857
0 0.157143 0
0 0.157143 0.0142857
0 0.157143 0.0285714
0 0.157143 0.0428571
0 0.157143 0.0571429
0 0.157143 0.0714286
0 0.157143 0.0857143
0 0.157143 0.1
0 0.157143 0.114286
0 0.157143 0.128571
0 0.157143 0.142857
0 0.157143 0.157143
0 0.157143 0.171429
0 0.157143 0.185714
0 0.157143 0.2
0 0.157143 0.214286
0 0.157143 0.228571
0 0.157143 0.242857
0 0.157143 0.257143
0 0.157143 0.271429
0 0.157143 0.285714
0 0.157143 0.3
0 0.157143 0.314286
0 0.157143 0.328571
0 0.157143 0.342857
0 0.157143 0.357143
0 0.157143 0.371429
0 0.157143 0.385714
0 0.157143 0.4
0 0.157143 0.414286
0 0.157143 0.428571
0 0.157143 0.442857
0 0.157143 0.457143
0 0.157143 0.471429
0 0.157143 0.485714
0 0.171429 -0.5
0 0.171429 -0.485714
0 0.171429 -0.471429
0 0.171429 -0.457143
0 0.171429 -0.442857
0 0.171429 -0.428571
0 0.171429 -0.414286
0 0.171429 -0.4
0 0.171429 -0.385714
0 0.171429 -0.371429
0 0.171429 -0.357143
0 0.171429 -0.342857
0 0.171429 -0.328571
0 0.171429 -0.314286
0 0.171429 -0.3
0 0.171429 -0.285714
0 0.171429 -0.271429
0 0.171429 -0.257143
0 0.171429 -0.242857
0 0.171429 -0.228571
0 0.171429 -0.214286
0 0.171429 -0.2
0 0.171429 -0.185714
0 0.171429 -0.171429
0 0.171429 -0.157143
0 0.171429 -0.142857
0 0.171429 -0.128571
0 0.171429 -0.114286
0 0.171429 -0.1
0 0.171429 -0.0857143
0 0.171429 -0.0714286
0 0.171429 -0.0571429
0 0.171429 -0.0428571
0 0.171429 -0.0285714
0 0.171429 -0.0142857
0 0.171429 0
0 0.171429 0.0142857
0 0.171429 0.0285714
0 0.171429 0.0428571
0 0.171429 0.0571429
0 0.171429 0.0714286
0 0.171429 0.0857143
0 0.171429 0.1
0 0.171429 0.114286
0 0.171429 0.128571
0 0.171429 0.142857
0 0.171429 0.157143
0 0.171429 0.171429
0 0.171429 0.185714
0 0.171429 0.2
0 0.171429 0.214286
0 0.171429 0.228571
0 0.171429 0.242857
0 0.171429 0.257143
0 0.171429 0.271429
0 0.171429 0.285714
0 0.171429 0.3
0 0.171429 0.314286
0 0.171429 0.328571
0 0.171429 0.342857
0 0.171429 0.357143
0 0.171429 0.371429
0 0.171429 0.385714
0 0.171429 0.4
0 0.171429 0.414286
0 0.171429 0.428571
0 0.171429 0.442857
0 0.171429 0.457143
0 0.171429 0.471429
0 0.171429 0.485714
0 0.185714 -0.5
0 0.185714 -0.485714
0 0.185714 -0.471429
0 0.185714 -0.457143
0 0.185714 -0.442857
0 0.185714 -0.428571
0 0.185714 -0.414286
0 0.185714 -0.4
0 0.185714 -0.385714
0 0.185714 -0.371429
0 0.185714 -0.357143
0 0.185714 -0.342857
0 0.185714 -0.328571
0 0.185714 -0.314286
0 0.185714 -0.3
0 0.185714 -0.285714
0 0.185714 -0.271429
0 0.185714 -0.257143
0 0.185714 -0.242857
0 0.185714 -0.228571
0 0.185714 -0.214286
0 0.185714 -0.2
0 0.185714 -0.185714
0 0.185714 -0.171429
0 0.185714 -0.157143
0 0.185714 -0.142857
0 0.185714 -0.128571
0 0.185714 -0.114286
0 0.185714 -0.1
0 0.185714 -0.0857143
0 0.185714 -0.0714286
0 0.185714 -0.0571429
0 0.185714 -0.0428571
0 0.185714 -0.0285714
0 0.185714 -0.0142857
0 0.185714 0
0 0.185714 0.0142857
0 0.185714 0.0285714
0 0.185714 0.0428571
0 0.185714 0.0571429
0 0.185714 0.0714286
0 0.185714 0.0857143
0 0.185714 0.1
0 0.185714 0.114286
0 0.185714 0.128571
0 0.185714 0.142857
0 0.185714 0.157143
0 0.185714 0.171429
0 0.185714 0.185714
0 0.185714 0.2
0 0.185714 0.214286
0 0.185714 0.228571
0 0.185714 0.242857
0 0.185714 0.257143
0 0.185714 0.271429
0 0.185714 0.285714
0 0.185714 0.3
0 0.185714 0.314286
0 0.185714 0.328571
0 0.185714 0.342857
0 0.185714 0.357143
0 0.185714 0.371429
0 0.185714 0.385714
0 0.185714 0.4
0 0.185714 0.414286
0 0.185714 0.428571
0 0.185714 0.442857
0 0.185714 0.457143
0 0.185714 0.471429
0 0.185714 0.485714
0 0.2 -0.5
0 0.2 -0.485714
0 0.2 -0.471429
0 0.2 -0.457143
0 0.2 -0.442857
0 0.2 -0.428571
0 0.2 -0.414286
0 0.2 -0.4
0 0.2 -0.385714
0 0.2 -0.371429
0 0.2 -0.357143
0 0.2 -0.342857
0 0.2 -0.328571
0 0.2 -0.314286
0 0.2 -0.3
0 0.2 -0.285714
0 0.2 -0.271429
0 0.2 -0.257143
0 0.2 -0.242857
0 0.2 -0.228571
0 0.2 -0.214286
0 0.2 -0.2
0 0.2 -0.185714
0 0.2 -0.171429
0 0.2 -0.157143
0 0.2 -0.142857
0 0.2 -0.128571
0 0.2 -0.114286
0 0.2 -0.1
0 0.2 -0.0857143
0 0.2 -0.0714286
0 0.2 -0.0571429
0 0.2 -0.0428571
0 0.2 -0.0285714
0 0.2 -0.0142857
0 0.2 0
0 0.2 0.0142857
0 0.2 0.0285714
0 0.2 0.0428571
0 0.2 0.0571429
0 0.2 0.0714286
0 0.2 0.0857143
0 0.2 0.1
0 0.2 0.114286
0 0.2 0.128571
0 0.2 0.142857
0 0.2 0.157143
0 0.2 0.171429
0 0.2 0.185714
0 0.2 0.2
0 0.2 0.214286
0 0.2 0.228571
0 0.2 0.242857
0 0.2 0.257143
0 0.2 0.271429
0 0.2 0.285714
0 0.2 0.3
0 0.2 0.314286
0 0.2 0.328571
0 0.2 0.342857
0 0.2 0.357143
0 0.2 0.371429
0 0.2 0.385714
0 0.2 0.4
0 0.2 0.414286
0 0.2 0.428571
0 0.2 0.442857
0 0.2 0.457143
0 0.2 0.471429
0 0.2 0.485714
0 0.214286 -0.5
0 0.214286 -0.485714
0 0.214286 -0.471429
0 0.214286 -0.457143
0 0.214286 -0.442857
0 0.214286 -0.428571
0 0.214286 -0.414286
0 0.214286 -0.4
0 0.214286 -0.385714
0 0.214286 -0.371429
0 0.214286 -0.357143
0 0.214286 -0.342857
0 0.214286 -0.328571
0 0.214286 -0.314286
0 0.214286 -0.3
0 0.214286 -0.285714
0 0.214286 -0.271429
0 0.214286 -0.257143
0 0.214286 -0.242857
0 0.214286 -0.228571
0 0.214286 -0.214286
0 0.214286 -0.2
0 0.214286 -0.185714
0 0.214286 -0.171429
0 0.214286 -0.157143
0 0.214286 -0.142857
0 0.214286 -0.128571
0 0.214286 -0.114286
0 0.214286 -0.1
0 0.214286 -0.0857143
0 0.214286 -0.0714286
0 0.214286 -0.0571429
0 0.214286 -0.0428571
0 0.214286 -0.0285714
0 0.214286 -0.0142857
0 0.214286 0
0 0.214286 0.0142857
0 0.214286 0.0285714
0 0.214286 0.0428571
0 0.214286 0.0571429
0 0.214286 0.0714286
0 0.214286 0.0857143
0 0.214286 0.1
0 0.214286 0.114286
0 0.214286 0.128571
0 0.214286 0.142857
0 0.214286 0.157143
0 0.214286 0.171429
0 0.214286 0.185714
0 0.214286 0.2
0 0.214286 0.214286
0 0.214286 0.228571
0 0.214286 0.242857
0 0.214286 0.257143
0 0.214286 0.271429
0 0.214286 0.285714
0 0.214286 0.3
0 0.214286 0.314286
0 0.214286 0.328571
0 0.214286 0.342857
0 0.214286 0.357143
0 0.214286 0.371429
0 0.214286 0.385714
0 0.214286 0.4
0 0.214286 0.414286
0 0.214286 0.428571
0 0.214286 0.442857
0 0.214286 0.457143
0 0.214286 0.471429
0 0.214286 0.485714
0 0.228571 -0.5
0 0.228571 -0.485714
0 0.228571 -0.471429
0 0.228571 -0.457143
0 0.228571 -0.442857
0 0.228571 -0.428571
0 0.228571 -0.414286
0 0.228571 -0.4
0 0.228571 -0.385714
0 0.228571 -0.371429
0 0.228571 -0.357143
0 0.228571 -0.342857
0 0.228571 -0.328571
0 0.228571 -0.314286
0 0.228571 -0.3
0 0.228571 -0.285714
0 0.228571 -0.271429
0 0.228571 -0.257143
0 0.228571 -0.242857
0 0.228571 -0.228571
0 0.228571 -0.214286
0 0.228571 -0.2
0 0.228571 -0.185714
0 0.228571 -0.171429
0 0.228571 -0.157143
0 0.228571 -0.142857
0 0.228571 -0.128571
0 0.228571 -0.114286
0 0.228571 -0.1
0 0.228571 -0.0857143
0 0.228571 -0.0714286
0 0.228571 -0.0571429
0 0.228571 -0.0428571
0 0.228571 -0.0285714
0 0.228571 -0.0142857
0 0.228571 0
0 0.228571 0.0142857
0 0.228571 0.0285714
0 0.228571 0.0428571
0 0.228571 0.0571429
0 0.228571 0.0714286
0 0.228571 0.0857143
0 0.228571 0.1
0 0.228571 0.114286
0 0.228571 0.128571
0 0.228571 0.142857
0 0.228571 0.157143
0 0.228571 0.171429
0 0.228571 0.185714
0 0.228571 0.2
0 0.228571 0.214286
0 0.228571 0.228571
0 0.228571 0.242857
0 0.228571 0.257143
0 0.228571 0.271429
0 0.228571 0.285714
0 0.228571 0.3
0 0.228571 0.314286
0 0.228571 0.328571
0 0.228571 0.342857
0 0.228571 0.357143
0 0.228571 0.371429
0 0.228571 0.385714
0 0.228571 0.4
0 0.228571 0.414286
0 0.228571 0.428571
0 0.228571 0.442857
0 0.228571 0.457143
0 0.228571 0.471429
0 0.228571 0.485714
0 0.242857 -0.5
0 0.242857 -0.485714
0 0.242857 -0.471429
0 0.242857 -0.457143
0 0.242857 -0.442857
0 0.242857 -0.428571
0 0.242857 -0.414286
0 0.242857 -0.4
0 0.242857 -0.385714
0 0.242857 -0.371429
0 0.242857 -0.357143
0 0.242857 -0.342857
0 0.242857 -0.328571
0 0.242857 -0.314286
0 0.242857 -0.3
0 0.242857 -0.285714
0 0.242857 -0.271429
0 0.242857 -0.257143
0 0.242857 -0.242857
0 0.242857 -0.228571
0 0.242857 -0.214286
0 0.242857 -0.2
0 0.242857 -0.185714
0 0.242857 -0.171429
0 0.242857 -0.157143
0 0.242857 -0.142857
0 0.242857 -0.128571
0 0.242857 -0.114286
0 0.242857 -0.1
0 0.242857 -0.0857143
0 0.242857 -0.0714286
0 0.242857 -0.0571429
0 0.242857 -0.0428571
0 0.242857 -0.0285714
0 0.242857 -0.0142857
0 0.242857 0
0 0.242857 0.0142857
0 0.242857 0.0285714
0 0.242857 0.0428571
0 0.242857 0.0571429
0 0.242857 0.0714286
0 0.242857 0.0857143
0 0.242857 0.1
0 0.242857 0.114286
0 0.242857 0.128571
0 0.242857 0.142857
0 0.242857 0.157143
0 0.242857 0.171429
0 0.242857 0.185714
0 0.242857 0.2
0 0.242857 0.214286
0 0.242857 0.228571
0 0.242857 0.242857
0 0.242857 0.257143
0 0.242857 0.271429
0 0.242857 0.285714
0 0.242857 0.3
0 0.242857 0.314286
0 0.242857 0.328571
0 0.242857 0.342857
0 0.242857 0.357143
0 0.242857 0.371429
0 0.242857 0.385714
0 0.242857 0.4
0 0.242857 0.414286
0 0.242857 0.428571
0 0.242857 0.442857
0 0.242857 0.457143
0 0.242857 0.471429
0 0.242857 0.485714
0 0.257143 -0.5
0 0.257143 -0.485714
0 0.257143 -0.471429
0 0.257143 -0.457143
0 0.257143 -0.442857
0 0.257143 -0.428571
0 0.257143 -0.414286
0 0.257143 -0.4
0 0.257143 -0.385714
0 0.257143 -0.371429
0 0.257143 -0.357143
0 0.257143 -0.342857
0 0.257143 -0.328571
0 0.257143 -0.314286
0 0.257143 -0.3
0 0.257143 -0.285714
0 0.257143 -0.271429
0 0.257143 -0.257143
0 0.257143 -0.242857
0 0.257143 -0.228571
0 0.257143 -0.214286
0 0.257143 -0.2
0 0.257143 -0.185714
0 0.257143 -0.171429
0 0.257143 -0.157143
0 0.257143 -0.142857
0 0.257143 -0.128571
0 0.257143 -0.114286
0 0.257143 -0.1
0 0.257143 -0.0857143
0 0.257143 -0.0714286
0 0.257143 -0.0571429
0 0.257143 -0.0428571
0 0.257143 -0.0285714
0 0.257143 -0.0142857
0 0.257143 0
0 0.257143 0.0142857
0 0.257143 0.0285714
0 0.257143 0.0428571
0 0.257143 0.0571429
0 0.257143 0.0714286
0 0.257143 0.0857143
0 0.257143 0.1
0 0.257143 0.114286
0 0.257143 0.128571
0 0.257143 0.142857
0 0.257143 0.157143
0 0.257143 0.171429
0 0.257143 0.185714
0 0.257143 0.2
0 0.257143 0.214286
0 0.257143 0.228571
0 0.257143 0.242857
0 0.257143 0.257143
0 0.257143 0.271429
0 0.257143 0.285714
0 0.257143 0.3
0 0.257143 0.314286
0 0.257143 0.328571
0 0.257143 0.342857
0 0.257143 0.357143
0 0.257143 0.371429
0 0.257143 0.385714
0 0.257143 0.4
0 0.257143 0.414286
0 0.257143 0.428571
0 0.257143 0.442857
0 0.257143 0.457143
0 0.257143 0.471429
0 0.257143 0.485714
0 0.271429 -0.5
0 0.271429 -0.485714
0 0.271429 -0.471429
0 0.271429 -0.457143
0 0.271429 -0.442857
0 0.271429 -0.428571
0 0.271429 -0.414286
0 0.271429 -0.4
0 0.271429 -0.385714
0 0.271429 -0.371429
0 0.271429 -0.357143
0 0.271429 -0.342857
0 0.271429 -0.328571
0 0.271429 -0.314286
0 0.271429 -0.3
0 0.271429 -0.285714
0 0.271429 -0.271429
0 0.271429 -0.257143
0 0.271429 -0.242857
0 0.271429 -0.228571
0 0.271429 -0.214286
0 0.271429 -0.2
0 0.271429 -0.185714
0 0.271429 -0.171429
0 0.271429 -0.157143
0 0.271429 -0.142857
0 0.271429 -0.128571
0 0.271429 -0.114286
0 0.271429 -0.1
0 0.271429 -0.0857143
0 0.271429 -0.0714286
0 0.271429 -0.0571429
0 0.271429 -0.0428571
0 0.271429 -0.0285714
0 0.271429 -0.0142857
0 0.271429 0
0 0.271429 0.0142857
0 0.271429 0.0285714
0 0.271429 0.0428571
0 0.271429 0.0571429
0 0.271429 0.0714286
0 0.271429 0.0857143
0 0.271429 0.1
0 0.271429 0.114286
0 0.271429 0.128571
0 0.271429 0.142857
0 0.271429 0.157143
0 0.271429 0.171429
0 0.271429 0.185714
0 0.271429 0.2
0 0.271429 0.214286
0 0.271429 0.228571
0 0.271429 0.242857
0 0.271429 0.257143
0 0.271429 0.271429
0 0.271429 0.285714
0 0.271429 0.3
0 0.271429 0.314286
0 0.271429 0.328571
0 0.271429 0.342857
0 0.271429 0.357143
0 0.271429 0.371429
0 0.271429 0.385714
0 0.271429 0.4
0 0.271429 0.414286
0 0.271429 0.428571
0 0.271429 0.442857
0 0.271429 0.457143
0 0.271429 0.471429
0 0.271429 0.485714
0 0.285714 -0.5
0 0.285714 -0.485714
0 0.285714 -0.471429
0 0.285714 -0.457143
0 0.285714 -0.442857
0 0.285714 -0.428571
0 0.285714 -0.414286
0 0.285714 -0.4
0 0.285714 -0.385714
0 0.285714 -0.371429
0 0.285714 -0.357143
0 0.285714 -0.342857
0 0.285714 -0.328571
0 0.285714 -0.314286
0 0.285714 -0.3
0 0.285714 -0.285714
0 0.285714 -0.271429
0 0.285714 -0.257143
0 0.285714 -0.242857
0 0.285714 -0.228571
0 0.285714 -0.214286
0 0.285714 -0.2
0 0.285714 -0.185714
0 0.285714 -0.171429
0 0.285714 -0.157143
0 0.285714 -0.142857
0 0.285714 -0.128571
0 0.285714 -0.114286
0 0.285714 -0.1
0 0.285714 -0.0857143
0 0.285714 -0.0714286
0 0.285714 -0.0571429
0 0.285714 -0.0428571
0 0.285714 -0.0285714
0 0.285714 -0.0142857
0 0.285714 0
0 0.285714 0.0142857
0 0.285714 0.0285714
0 0.285714 0.0428571
0 0.285714 0.0571429
0 0.285714 0.0714286
0 0.285714 0.0857143
0 0.285714 0.1
0 0.285714 0.114286
0 0.285714 0.128571
0 0.285714 0.142857
0 0.285714 0.157143
0 0.285714 0.171429
0 0.285714 0.185714
0 0.285714 0.2
0 0.285714 0.214286
0 0.285714 0.228571
0 0.285714 0.242857
0 0.285714 0.257143
0 0.285714 0.271429
0 0.285714 0.285714
0 0.285714 0.3
0 0.285714 0.314286
0 0.285714 0.328571
0 0.285714 0.342857
0 0.285714 0.357143
0 0.285714 0.371429
0 0.285714 0.385714
0 0.285714 0.4
0 0.285714 0.414286
0 0.285714 0.428571
0 0.285714 0.442857
0 0.285714 0.457143
0 0.285714 0.471429
0 0.285714 0.485714
0 0.3 -0.5
0 0.3 -0.485714
0 0.3 -0.471429
0 0.3 -0.457143
0 0.3 -0.442857
0 0.3 -0.428571
0 0.3 -0.414286
0 0.3 -0.4
0 0.3 -0.385714
0 0.3 -0.371429
0 0.3 -0.357143
0 0.3 -0.342857
0 0.3 -0.328571
0 0.3 -0.314286
0 0.3 -0.3
0 0.3 -0.285714
0 0.3 -0.271429
0 0.3 -0.257143
0 0.3 -0.242857
0 0.3 -0.228571
0 0.3 -0.214286
0 0.3 -0.2
0 0.3 -0.185714
0 0.3 -0.171429
0 0.3 -0.157143
0 0.3 -0.142857
0 0.3 -0.128571
0 0.3 -0.114286
0 0.3 -0.1
0 0.3 -0.0857143
0 0.3 -0.0714286
0 0.3 -0.0571429
0 0.3 -0.0428571
0 0.3 -0.0285714
0 0.3 -0.0142857
0 0.3 0
0 0.3 0.0142857
0 0.3 0.0285714
0 0.3 0.0428571
0 0.3 0.0571429
0 0.3 0.0714286
0 0.3 0.0857143
0 0.3 0.1
0 0.3 0.114286
0 0.3 0.128571
0 0.3 0.142857
0 0.3 0.157143
0 0.3 0.171429
0 0.3 0.185714
0 0.3 0.2
0 0.3 0.214286
0 0.3 0.228571
0 0.3 0.242857
0 0.3 0.257143
0 0.3 0.271429
0 0.3 0.285714
0 0.3 0.3
0 0.3 0.314286
0 0.3 0.328571
0 0.3 0.342857
0 0.3 0.357143
0 0.3 0.371429
0 0.3 0.385714
0 0.3 0.4
0 0.3 0.414286
0 0.3 0.428571
0 0.3 0.442857
0 0.3 0.457143
0 0.3 0.471429
0 0.3 0.485714
0 0.314286 -0.5
0 0.314286 -0.485714
0 0.314286 -0.471429
0 0.314286 -0.457143
0 0.314286 -0.442857
0 0.314286 -0.428571
0 0.314286 -0.414286
0 0.314286 -0.4
0 0.314286 -0.385714
0 0.314286 -0.371429
0 0.314286 -0.357143
0 0.314286 -0.342857
0 0.314286 -0.328571
0 0.314286 -0.314286
0 0.314286 -0.3
0 0.314286 -0.285714
0 0.314286 -0.271429
0 0.314286 -0.257143
0 0.314286 -0.242857
0 0.314286 -0.228571
0 0.314286 -0.214286
0 0.314286 -0.2
0 0.314286 -0.185714
0 0.314286 -0.171429
0 0.314286 -0.157143
0 0.314286 -0.142857
0 0.314286 -0.128571
0 0.314286 -0.114286
0 0.314286 -0.1
0 0.314286 -0.0857143
0 0.314286 -0.0714286
0 0.314286 -0.0571429
0 0.314286 -0.0428571
0 0.314286 -0.0285714
0 0.314286 -0.0142857
0 0.314286 0
0 0.314286 0.0142857
0 0.314286 0.0285714
0 0.314286 0.0428571
0 0.314286 0.0571429
0 0.314286 0.0714286
0 0.314286 0.0857143
0 0.314286 0.1
0 0.314286 0.114286
0 0.314286 0.128571
0 0.314286 0.142857
0 0.314286 0.157143
0 0.314286 0.171429
0 0.314286 0.185714
0 0.314286 0.2
0 0.314286 0.214286
0 0.314286 0.228571
0 0.314286 0.242857
0 0.314286 0.257143
0 0.314286 0.271429
0 0.314286 0.285714
0 0.314286 0.3
0 0.314286 0.314286
0 0.314286 0.328571
0 0.314286 0.342857
0 0.314286 0.357143
0 0.314286 0.371429
0 0.314286 0.385714
0 0.314286 0.4
0 0.314286 0.414286
0 0.314286 0.428571
0 0.314286 0.442857
0 0.314286 0.457143
0 0.314286 0.471429
0 0.314286 0.485714
0 0.328571 -0.5
0 0.328571 -0.485714
0 0.328571 -0.471429
0 0.328571 -0.457143
0 0.328571 -0.442857
0 0.328571 -0.428571
0 0.328571 -0.414286
0 0.328571 -0.4
0 0.328571 -0.385714
0 0.328571 -0.371429
0 0.328571 -0.357143
0 0.328571 -0.342857
0 0.328571 -0.328571
0 0.328571 -0.314286
0 0.328571 -0.3
0 0.328571 -0.285714
0 0.328571 -0.271429
0 0.328571 -0.257143
0 0.328571 -0.242857
0 0.328571 -0.228571
0 0.328571 -0.214286
0 0.328571 -0.2
0 0.328571 -0.185714
0 0.328571 -0.171429
0 0.328571 -0.157143
0 0.328571 -0.142857
0 0.328571 -0.128571
0 0.328571 -0.114286
0 0.328571 -0.1
0 0.328571 -0.0857143
0 0.328571 -0.0714286
0 0.328571 -0.0571429
0 0.328571 -0.0428571
0 0.328571 -0.0285714
0 0.328571 -0.0142857
0 0.328571 0
0 0.328571 0.0142857
0 0.328571 0.0285714
0 0.328571 0.0428571
0 0.328571 0.0571429
0 0.328571 0.0714286
0 0.328571 0.0857143
0 0.328571 0.1
0 0.328571 0.114286
0 0.328571 0.128571
0 0.328571 0.142857
0 0.328571 0.157143
0 0.328571 0.171429
0 0.328571 0.185714
0 0.328571 0.2
0 0.328571 0.214286
0 0.328571 0.228571
0 0.328571 0.242857
0 0.328571 0.257143
0 0.328571 0.271429
0 0.328571 0.285714
0 0.328571 0.3
0 0.328571 0.314286
0 0.328571 0.328571
0 0.328571 0.342857
0 0.328571 0.357143
0 0.328571 0.371429
0 0.328571 0.385714
0 0.328571 0.4
0 0.328571 0.414286
0 0.328571 0.428571
0 0.328571 0.442857
0 0.328571 0.457143
0 0.328571 0.471429
0 0.328571 0.485714
0 0.342857 -0.5
0 0.342857 -0.485714
0 0.342857 -0.471429
0 0.342857 -0.457143
0 0.342857 -0.442857
0 0.342857 -0.428571
0 0.342857 -0.414286
0 0.342857 -0.4
0 0.342857 -0.385714
0 0.342857 -0.371429
0 0.342857 -0.357143
0 0.342857 -0.342857
0 0.342857 -0.328571
0 0.342857 -0.314286
0 0.342857 -0.3
0 0.342857 -0.285714
0 0.342857 -0.271429
0 0.342857 -0.257143
0 0.342857 -0.242857
0 0.342857 -0.228571
0 0.342857 -0.214286
0 0.342857 -0.2
0 0.342857 -0.185714
0 0.342857 -0.171429
0 0.342857 -0.157143
0 0.342857 -0.142857
0 0.342857 -0.128571
0 0.342857 -0.114286
0 0.342857 -0.1
0 0.342857 -0.0857143
0 0.342857 -0.0714286
0 0.342857 -0.0571429
0 0.342857 -0.0428571
0 0.342857 -0.0285714
0 0.342857 -0.0142857
0 0.342857 0
0 0.342857 0.0142857
0 0.342857 0.0285714
0 0.342857 0.0428571
0 0.342857 0.0571429
0 0.342857 0.0714286
0 0.342857 0.0857143
0 0.342857 0.1
0 0.342857 0.114286
0 0.342857 0.128571
0 0.342857 0.142857
0 0.342857 0.157143
0 0.342857 0.171429
0 0.342857 0.185714
0 0.342857 0.2
0 0.342857 0.214286
0 0.342857 0.228571
0 0.342857 0.242857
0 0.342857 0.257143
0 0.342857 0.271429
0 0.342857 0.285714
0 0.342857 0.3
0 0.342857 0.314286
0 0.342857 0.328571
0 0.342857 0.342857
0 0.342857 0.357143
0 0.342857 0.371429
0 0.342857 0.385714
0 0.342857 0.4
0 0.342857 0.414286
0 0.342857 0.428571
0 0.342857 0.442857
0 0.342857 0.457143
0 0.342857 0.471429
0 0.342857 0.485714
0 0.357143 -0.5
0 0.357143 -0.485714
0 0.357143 -0.471429
0 0.357143 -0.457143
0 0.357143 -0.442857
0 0.357143 -0.428571
0 0.357143 -0.414286
0 0.357143 -0.4
0 0.357143 -0.385714
0 0.357143 -0.371429
0 0.357143 -0.357143
0 0.357143 -0.342857
0 0.357143 -0.328571
0 0.357143 -0.314286
0 0.357143 -0.3
0 0.357143 -0.285714
0 0.357143 -0.271429
0 0.357143 -0.257143
0 0.357143 -0.242857
0 0.357143 -0.228571
0 0.357143 -0.214286
0 0.357143 -0.2
0 0.357143 -0.185714
0 0.357143 -0.171429
0 0.357143 -0.157143
0 0.357143 -0.142857
0 0.357143 -0.128571
0 0.357143 -0.114286
0 0.357143 -0.1
0 0.357143 -0.0857143
0 0.357143 -0.0714286
0 0.357143 -0.0571429
0 0.357143 -0.0428571
0 0.357143 -0.0285714
0 0.357143 -0.0142857
0 0.357143 0
0 0.357143 0.0142857
0 0.357143 0.0285714
0 0.357143 0.0428571
0 0.357143 0.0571429
0 0.357143 0.0714286
0 0.357143 0.0857143
0 0.357143 0.1
0 0.357143 0.114286
0 0.357143 0.128571
0 0.357143 0.142857
0 0.357143 0.157143
0 0.357143 0.171429
0 0.357143 0.185714
0 0.357143 0.2
0 0.357143 0.214286
0 0.357143 0.228571
0 0.357143 0.242857
0 0.357143 0.257143
0 0.357143 0.271429
0 0.357143 0.285714
0 0.357143 0.3
0 0.357143 0.314286
0 0.357143 0.328571
0 0.357143 0.342857
0 0.357143 0.357143
0 0.357143 0.371429
0 0.357143 0.385714
0 0.357143 0.4
0 0.357143 0.414286
0 0.357143 0.428571
0 0.357143 0.442857
0 0.357143 0.457143
0 0.357143 0.471429
0 0.357143 0.485714
0 0.371429 -0.5
0 0.371429 -0.485714
0 0.371429 -0.471429
0 0.371429 -0.457143
0 0.371429 -0.442857
0 0.371429 -0.428571
0 0.371429 -0.414286
0 0.371429 -0.4
0 0.371429 -0.385714
0 0.371429 -0.371429
0 0.371429 -0.357143
0 0.371429 -0.342857
0 0.371429 -0.328571
0 0.371429 -0.314286
0 0.371429 -0.3
0 0.371429 -0.285714
0 0.371429 -0.271429
0 0.371429 -0.257143
0 0.371429 -0.242857
0 0.371429 -0.228571
0 0.371429 -0.214286
0 0.371429 -0.2
0 0.371429 -0.185714
0 0.371429 -0.171429
0 0.371429 -0.157143
0 0.371429 -0.142857
0 0.371429 -0.128571
0 0.371429 -0.114286
0 0.371429 -0.1
0 0.371429 -0.0857143
0 0.371429 -0.0714286
0 0.371429 -0.0571429
0 0.371429 -0.0428571
0 0.371429 -0.0285714
0 0.371429 -0.0142857
0 0.371429 0
0 0.371429 0.0142857
0 0.371429 0.0285714
0 0.371429 0.0428571
0 0.371429 0.0571429
0 0.371429 0.0714286
0 0.371429 0.0857143
0 0.371429 0.1
0 0.371429 0.114286
0 0.371429 0.128571
0 0.371429 0.142857
0 0.371429 0.157143
0 0.371429 0.171429
0 0.371429 0.185714
0 0.371429 0.2
0 0.371429 0.214286
0 0.371429 0.228571
0 0.371429 0.242857
0 0.371429 0.257143
0 0.371429 0.271429
0 0.371429 0.285714
0 0.371429 0.3
0 0.371429 0.314286
0 0.371429 0.328571
0 0.371429 0.342857
0 0.371429 0.357143
0 0.371429 0.371429
0 0.371429 0.385714
0 0.371429 0.4
0 0.371429 0.414286
0 0.371429 0.428571
0 0.371429 0.442857
0 0.371429 0.457143
0 0.371429 0.471429
0 0.371429 0.485714
0 0.385714 -0.5
0 0.385714 -0.485714
0 0.385714 -0.471429
0 0.385714 -0.457143
0 0.385714 -0.442857
0 0.385714 -0.428571
0 0.385714 -0.414286
0 0.385714 -0.4
0 0.385714 -0.385714
0 0.385714 -0.371429
0 0.385714 -0.357143
0 0.385714 -0.342857
0 0.385714 -0.328571
0 0.385714 -0.314286
0 0.385714 -0.3
0 0.385714 -0.285714
0 0.385714 -0.271429
0 0.385714 -0.257143
0 0.385714 -0.242857
0 0.385714 -0.228571
0 0.385714 -0.214286
0 0.385714 -0.2
0 0.385714 -0.185714
0 0.385714 -0.171429
0 0.385714 -0.157143
0 0.385714 -0.142857
0 0.385714 -0.128571
0 0.385714 -0.114286
0 0.385714 -0.1
0 0.385714 -0.0857143
0 0.385714 -0.0714286
0 0.385714 -0.0571429
0 0.385714 -0.0428571
0 0.385714 -0.0285714
0 0.385714 -0.0142857
0 0.385714 0
0 0.385714 0.0142857
0 0.385714 0.0285714
0 0.385714 0.0428571
0 0.385714 0.0571429
0 0.385714 0.0714286
0 0.385714 0.0857143
0 0.385714 0.1
0 0.385714 0.114286
0 0.385714 0.128571
0 0.385714 0.142857
0 0.385714 0.157143
0 0.385714 0.171429
0 0.385714 0.185714
0 0.385714 0.2
0 0.385714 0.214286
0 0.385714 0.228571
0 0.385714 0.242857
0 0.385714 0.257143
0 0.385714 0.271429
0 0.385714 0.285714
0 0.385714 0.3
0 0.385714 0.314286
0 0.385714 0.328571
0 0.385714 0.342857
0 0.385714 0.357143
0 0.385714 0.371429
0 0.385714 0.385714
0 0.385714 0.4
0 0.385714 0.414286
0 0.385714 0.428571
0 0.385714 0.442857
0 0.385714 0.457143
0 0.385714 0.471429
0 0.385714 0.485714
0 0.4 -0.5
0 0.4 -0.485714
0 0.4 -0.471429
0 0.4 -0.457143
0 0.4 -0.442857
0 0.4 -0.428571
0 0.4 -0.414286
0 0.4 -0.4
0 0.4 -0.385714
0 0.4 -0.371429
0 0.4 -0.357143
0 0.4 -0.342857
0 0.4 -0.328571
0 0.4 -0.314286
0 0.4 -0.3
0 0.4 -0.285714
0 0.4 -0.271429
0 0.4 -0.257143
0 0.4 -0.242857
0 0.4 -0.228571
0 0.4 -0.214286
0 0.4 -0.2
0 0.4 -0.185714
0 0.4 -0.171429
0 0.4 -0.157143
0 0.4 -0.142857
0 0.4 -0.128571
0 0.4 -0.114286
0 0.4 -0.1
0 0.4 -0.0857143
0 0.4 -0.0714286
0 0.4 -0.0571429
0 0.4 -0.0428571
0 0.4 -0.0285714
0 0.4 -0.0142857
0 0.4 0
0 0.4 0.0142857
0 0.4 0.0285714
0 0.4 0.0428571
0 0.4 0.0571429
0 0.4 0.0714286
0 0.4 0.0857143
0 0.4 0.1
0 0.4 0.114286
0 0.4 0.128571
0 0.4 0.142857
0 0.4 0.157143
0 0.4 0.171429
0 0.4 0.185714
0 0.4 0.2
0 0.4 0.214286
0 0.4 0.228571
0 0.4 0.242857
0 0.4 0.257143
0 0.4 0.271429
0 0.4 0.285714
0 0.4 0.3
0 0.4 0.314286
0 0.4 0.328571
0 0.4 0.342857
0 0.4 0.357143
0 0.4 0.371429
0 0.4 0.385714
0 0.4 0.4
0 0.4 0.414286
0 0.4 0.428571
0 0.4 0.442857
0 0.4 0.457143
0 0.4 0.471429
0 0.4 0.485714
0 0.414286 -0.5
0 0.414286 -0.485714
0 0.414286 -0.471429
0 0.414286 -0.457143
0 0.414286 -0.442857
0 0.414286 -0.428571
0 0.414286 -0.414286
0 0.414286 -0.4
0 0.414286 -0.385714
0 0.414286 -0.371429
0 0.414286 -0.357143
0 0.414286 -0.342857
0 0.414286 -0.328571
0 0.414286 -0.314286
0 0.414286 -0.3
0 0.414286 -0.285714
0 0.414286 -0.271429
0 0.414286 -0.257143
0 0.414286 -0.242857
0 0.414286 -0.228571
0 0.414286 -0.214286
0 0.414286 -0.2
0 0.414286 -0.185714
0 0.414286 -0.171429
0 0.414286 -0.157143
0 0.414286 -0.142857
0 0.414286 -0.128571
0 0.414286 -0.114286
0 0.414286 -0.1
0 0.414286 -0.0857143
0 0.414286 -0.0714286
0 0.414286 -0.0571429
0 0.414286 -0.0428571
0 0.414286 -0.0285714
0 0.414286 -0.0142857
0 0.414286 0
0 0.414286 0.0142857
0 0.414286 0.0285714
0 0.414286 0.0428571
0 0.414286 0.0571429
0 0.414286 0.0714286
0 0.414286 0.0857143
0 0.414286 0.1
0 0.414286 0.114286
0 0.414286 0.128571
0 0.414286 0.142857
0 0.414286 0.157143
0 0.414286 0.171429
0 0.414286 0.185714
0 0.414286 0.2
0 0.414286 0.214286
0 0.414286 0.228571
0 0.414286 0.242857
0 0.414286 0.257143
0 0.414286 0.271429
0 0.414286 0.285714
0 0.414286 0.3
0 0.414286 0.314286
0 0.414286 0.328571
0 0.414286 0.342857
0 0.414286 0.357143
0 0.414286 0.371429
0 0.414286 0.385714
0 0.414286 0.4
0 0.414286 0.414286
0 0.414286 0.428571
0 0.414286 0.442857
0 0.414286 0.457143
0 0.414286 0.471429
0 0.414286 0.485714
0 0.428571 -0.5
0 0.428571 -0.485714
0 0.428571 -0.471429
0 0.428571 -0.457143
0 0.428571 -0.442857
0 0.428571 -0.428571
0 0.428571 -0.414286
0 0.428571 -0.4
0 0.428571 -0.385714
0 0.428571 -0.371429
0 0.428571 -0.357143
0 0.428571 -0.342857
0 0.428571 -0.328571
0 0.428571 -0.314286
0 0.428571 -0.3
0 0.428571 -0.285714
0 0.428571 -0.271429
0 0.428571 -0.257143
0 0.428571 -0.242857
0 0.428571 -0.228571
0 0.428571 -0.214286
0 0.428571 -0.2
0 0.428571 -0.185714
0 0.428571 -0.171429
0 0.428571 -0.157143
0 0.428571 -0.142857
0 0.428571 -0.128571
0 0.428571 -0.114286
0 0.428571 -0.1
0 0.428571 -0.0857143
0 0.428571 -0.0714286
0 0.428571 -0.0571429
0 0.428571 -0.0428571
0 0.428571 -0.0285714
0 0.428571 -0.0142857
0 0.428571 0
0 0.428571 0.0142857
0 0.428571 0.0285714
0 0.428571 0.0428571
0 0.428571 0.0571429
0 0.428571 0.0714286
0 0.428571 0.0857143
0 0.428571 0.1
0 0.428571 0.114286
0 0.428571 0.128571
0 0.428571 0.142857
0 0.428571 0.157143
0 0.428571 0.171429
0 0.428571 0.185714
0 0.428571 0.2
0 0.428571 0.214286
0 0.428571 0.228571
0 0.428571 0.242857
0 0.428571 0.257143
0 0.428571 0.271429
0 0.428571 0.285714
0 0.428571 0.3
0 0.428571 0.314286
0 0.428571 0.328571
0 0.428571 0.342857
0 0.428571 0.357143
0 0.428571 0.371429
0 0.428571 0.385714
0 0.428571 0.4
0 0.428571 0.414286
0 0.428571 0.428571
0 0.428571 0.442857
0 0.428571 0.457143
0 0.428571 0.471429
0 0.428571 0.485714
0 0.442857 -0.5
0 0.442857 -0.485714
0 0.442857 -0.471429
0 0.442857 -0.457143
0 0.442857 -0.442857
0 0.442857 -0.428571
0 0.442857 -0.414286
0 0.442857 -0.4
0 0.442857 -0.385714
0 0.442857 -0.371429
0 0.442857 -0.357143
0 0.442857 -0.342857
0 0.442857 -0.328571
0 0.442857 -0.314286
0 0.442857 -0.3
0 0.442857 -0.285714
0 0.442857 -0.271429
0 0.442857 -0.257143
0 0.442857 -0.242857
0 0.442857 -0.228571
0 0.442857 -0.214286
0 0.442857 -0.2
0 0.442857 -0.185714
0 0.442857 -0.171429
0 0.442857 -0.157143
0 0.442857 -0.142857
0 0.442857 -0.128571
0 0.442857 -0.114286
0 0.442857 -0.1
0 0.442857 -0.0857143
0 0.442857 -0.0714286
0 0.442857 -0.0571429
0 0.442857 -0.0428571
0 0.442857 -0.0285714
0 0.442857 -0.0142857
0 0.442857 0
0 0.442857 0.0142857
0 0.442857 0.0285714
0 0.442857 0.0428571
0 0.442857 0.0571429
0 0.442857 0.0714286
0 0.442857 0.0857143
0 0.442857 0.1
0 0.442857 0.114286
0 0.442857 0.128571
0 0.442857 0.142857
0 0.442857 0.157143
0 0.442857 0.171429
0 0.442857 0.185714
0 0.442857 0.2
0 0.442857 0.214286
0 0.442857 0.228571
0 0.442857 0.242857
0 0.442857 0.257143
0 0.442857 0.271429
0 0.442857 0.285714
0 0.442857 0.3
0 0.442857 0.314286
0 0.442857 0.328571
0 0.442857 0.342857
0 0.442857 0.357143
0 0.442857 0.371429
0 0.442857 0.385714
0 0.442857 0.4
0 0.442857 0.414286
0 0.442857 0.428571
0 0.442857 0.442857
0 0.442857 0.457143
0 0.442857 0.471429
0 0.442857 0.485714
0 0.457143 -0.5
0 0.457143 -0.485714
0 0.457143 -0.471429
0 0.457143 -0.457143
0 0.457143 -0.442857
0 0.457143 -0.428571
0 0.457143 -0.414286
0 0.457143 -0.4
0 0.457143 -0.385714
0 0.457143 -0.371429
0 0.457143 -0.357143
0 0.457143 -0.342857
0 0.457143 -0.328571
0 0.457143 -0.314286
0 0.457143 -0.3
0 0.457143 -0.285714
0 0.457143 -0.271429
0 0.457143 -0.257143
0 0.457143 -0.242857
0 0.457143 -0.228571
0 0.457143 -0.214286
0 0.457143 -0.2
0 0.457143 -0.185714
0 0.457143 -0.171429
0 0.457143 -0.157143
0 0.457143 -0.142857
0 0.457143 -0.128571
0 0.457143 -0.114286
0 0.457143 -0.1
0 0.457143 -0.0857143
0 0.457143 -0.0714286
0 0.457143 -0.0571429
0 0.457143 -0.0428571
0 0.457143 -0.0285714
0 0.457143 -0.0142857
0 0.457143 0
0 0.457143 0.0142857
0 0.457143 0.0285714
0 0.457143 0.0428571
0 0.457143 0.0571429
0 0.457143 0.0714286
0 0.457143 0.0857143
0 0.457143 0.1
0 0.457143 0.114286
0 0.457143 0.128571
0 0.457143 0.142857
0 0.457143 0.157143
0 0.457143 0.171429
0 0.457143 0.185714
0 0.457143 0.2
0 0.457143 0.214286
0 0.457143 0.228571
0 0.457143 0.242857
0 0.457143 0.257143
0 0.457143 0.271429
0 0.457143 0.285714
0 0.457143 0.3
0 0.457143 0.314286
0 0.457143 0.328571
0 0.457143 0.342857
0 0.457143 0.357143
0 0.457143 0.371429
0 0.457143 0.385714
0 0.457143 0.4
0 0.457143 0.414286
0 0.457143 0.428571
0 0.457143 0.442857
0 0.457143 0.457143
0 0.457143 0.471429
0 0.457143 0.485714
0 0.471429 -0.5
0 0.471429 -0.485714
0 0.471429 -0.471429
0 0.471429 -0.457143
0 0.471429 -0.442857
0 0.471429 -0.428571
0 0.471429 -0.414286
0 0.471429 -0.4
0 0.471429 -0.385714
0 0.471429 -0.371429
0 0.471429 -0.357143
0 0.471429 -0.342857
0 0.471429 -0.328571
0 0.471429 -0.314286
0 0.471429 -0.3
0 0.471429 -0.285714
0 0.471429 -0.271429
0 0.471429 -0.257143
0 0.471429 -0.242857
0 0.471429 -0.228571
0 0.471429 -0.214286
0 0.471429 -0.2
0 0.471429 -0.185714
0 0.471429 -0.171429
0 0.471429 -0.157143
0 0.471429 -0.142857
0 0.471429 -0.128571
0 0.471429 -0.114286
0 0.471429 -0.1
0 0.471429 -0.0857143
0 0.471429 -0.0714286
0 0.471429 -0.0571429
0 0.471429 -0.0428571
0 0.471429 -0.0285714
0 0.471429 -0.0142857
0 0.471429 0
0 0.471429 0.0142857
0 0.471429 0.0285714
0 0.471429 0.0428571
0 0.471429 0.0571429
0 0.471429 0.0714286
0 0.471429 0.0857143
0 0.471429 0.1
0 0.471429 0.114286
0 0.471429 0.128571
0 0.471429 0.142857
0 0.471429 0.157143
0 0.471429 0.171429
0 0.471429 0.185714
0 0.471429 0.2
0 0.471429 0.214286
0 0.471429 0.228571
0 0.471429 0.242857
0 0.471429 0.257143
0 0.471429 0.271429
0 0.471429 0.285714
0 0.471429 0.3
0 0.471429 0.314286
0 0.471429 0.328571
0 0.471429 0.342857
0 0.471429 0.357143
0 0.471429 0.371429
0 0.471429 0.385714
0 0.471429 0.4
0 0.471429 0.414286
0 0.471429 0.428571
0 0.471429 0.442857
0 0.471429 0.457143
0 0.471429 0.471429
0 0.471429 0.485714
0 0.485714 -0.5
0 0.485714 -0.485714
0 0.485714 -0.471429
0 0.485714 -0.457143
0 0.485714 -0.442857
0 0.485714 -0.428571
0 0.485714 -0.414286
0 0.485714 -0.4
0 0.485714 -0.385714
0 0.485714 -0.371429
0 0.485714 -0.357143
0 0.485714 -0.342857
0 0.485714 -0.328571
0 0.485714 -0.314286
0 0.485714 -0.3
0 0.485714 -0.285714
0 0.485714 -0.271429
0 0.485714 -0.257143
0 0.485714 -0.242857
0 0.485714 -0.228571
0 0.485714 -0.214286
0 0.485714 -0.2
0 0.485714 -0.185714
0 0.485714 -0.171429
0 0.485714 -0.157143
0 0.485714 -0.142857
0 0.485714 -0.128571
0 0.485714 -0.114286
0 0.485714 -0.1
0 0.485714 -0.0857143
0 0.485714 -0.0714286
0 0.485714 -0.0571429
0 0.485714 -0.0428571
0 0.485714 -0.0285714
0 0.485714 -0.0142857
0 0.485714 0
0 0.485714 0.0142857
0 0.485714 0.0285714
0 0.485714 0.0428571
0 0.485714 0.0571429
0 0.485714 0.0714286
0 0.485714 0.0857143
0 0.485714 0.1
0 0.485714 0.114286
0 0.485714 0.128571
0 0.485714 0.142857
0 0.485714 0.157143
0 0.485714 0.171429
0 0.485714 0.185714
0 0.485714 0.2
0 0.485714 0.214286
0 0.485714 0.228571
0 0.485714 0.242857
0 0.485714 0.257143
0 0.485714 0.271429
0 0.485714 0.285714
0 0.485714 0.3
0 0.485714 0.314286
0 0.485714 0.328571
0 0.485714 0.342857
0 0.485714 0.357143
0 0.485714 0.371429
0 0.485714 0.385714
0 0.485714 0.4
0 0.485714 0.414286
0 0.485714 0.428571
0 0.485714 0.442857
0 0.485714 0.457143
0 0.485714 0.471429
0 0.485714 0.485714
